32 60
3 0.608686 1 1.543104 0.516961 -0.479302 0.472015 -0.378684 -0.721677 -0.228205 0.385823 -0.172519 1.363555 -0.313526 -0.001870 0.456218 0.416549 -1.836689 0.640906 -1.199406 -0.952589 0.875523 -1.127147 -0.492225 1.502736 -0.395485 -0.760278 -0.600338 -0.214880 0.186100 -0.173979 -0.266901 0.763610 -0.747285 1.939886 2.610397 1.357111 0.152060 1.277546 0.274733 -0.343667 0.362327 1.247439 0.637904 2.387311 0.430974 0.672480 1.385816 1.113717 -1.471251 1.377345 -1.739830 -1.668378 0.678244 -1.660136 -0.936051 1.462200 -0.951794 -1.162337 -1.029554 -0.665416 -0.116351 -0.539720 -0.823791 0.395602 -1.431051 1.922530
3 0.369661 1 -1.193680 -1.134101 -2.110246 2.599499 -3.215934 -0.551230 0.752066 -1.190569 2.295582 -0.638619 0.745956 -0.820938 0.156512 0.977539 0.408359 0.258194 -2.822547 -1.134822 0.833491 1.289325 -0.388475 0.801780 -1.329204 0.543528 2.505708 2.882282 0.931537 3.150335 -2.653583 -1.086303 0.121024 -0.982468 -0.576402 -0.767062 -1.644642 3.756966 -3.101363 0.205573 1.606097 -0.793044 3.454608 -0.000615 1.521268 -0.225804 0.914595 1.988203 1.265571 1.026372 -3.750032 -1.722980 0.681265 1.260518 -0.871701 0.698945 -1.942940 0.300624 2.823271 3.102133 0.619715 3.502592 -3.465483 -1.510013 -0.121776 -1.401055
3 0.277647 0 -0.500862 -0.862014 -0.300744 4.119399 -1.701492 1.866889 1.228793 -2.879674 -2.662225 -0.960433 -0.790239 1.574251 0.115443 -1.599109 0.005602 0.021748 2.421831 2.722074 0.326458 0.949658 -3.693563 0.496834 2.339189 1.540287 -1.974379 0.343398 -1.629749 -1.119638 -0.040372 1.628089 -1.060557 0.075108 0.137735 -0.219458 0.384798 5.705813 -1.279282 3.020764 2.257380 -2.688584 -2.482335 -0.347661 -0.175432 2.620025 0.910955 -1.156122 0.755165 0.724968 2.577626 2.926325 -0.055721 0.846491 -4.746778 0.218253 2.440097 1.486317 -2.712397 0.091876 -2.312853 -1.721008 -0.345984 1.593097 -1.653177 -0.317916
1 0.213012 1 -1.702655 -3.282392 -1.373731 -0.267028 4.846208 3.484165 2.824872 1.702586 -0.586116 -2.405933 1.092826 -1.245929 -0.353387 -0.564797 3.710818 1.622089 -0.885868 2.413106 -0.135878 -0.634998 -0.273260 -2.914715 -1.005380 -1.876409 -2.043618 -0.798121 0.077737 2.864602 -0.813148 -0.421810 -0.365989 -0.687847 -1.189199 -3.183324 -1.019064 0.444400 6.167512 4.671822 3.980125 2.792784 0.161672 -2.006547 2.145205 -0.482135 0.309725 0.076945 5.048906 2.690941 -1.328302 2.404339 -0.453937 -1.108244 -0.710419 -3.573210 -1.553387 -2.412686 -2.854908 -1.209258 -0.360396 2.842249 -1.294267 -0.661267 -0.825619 -1.086106
2 0.583794 1 -0.595989 1.013841 -0.584638 -0.162021 -0.400595 -0.102138 0.362998 1.693286 0.972252 -2.209742 0.061300 1.813564 -1.013167 -1.273314 -0.912316 1.102021 -0.164193 -0.314705 2.566796 0.514806 -0.433445 -0.163748 0.120312 -0.079632 -0.330912 -0.132498 -0.649454 -0.558402 0.196935 -1.101075 0.512985 0.250889 0.306619 1.655312 0.245331 0.782874 0.351151 0.538200 0.993977 2.243325 1.660810 -1.326352 0.571609 2.419774 -0.211113 -0.466779 -0.244648 1.710182 -0.583973 -0.554798 2.039979 0.049652 -0.808755 -0.415245 -0.145769 -0.411265 -0.636815 -0.486668 -0.867482 -0.916438 -0.051190 -1.471022 -0.056209 -0.254975
2 0.500589 0 -0.462886 1.339062 0.555233 0.314395 -0.419214 0.525062 1.918821 1.217484 -2.070568 0.018582 0.031572 -0.369756 1.556071 -1.050791 0.235697 0.419670 0.556918 -1.015233 0.172154 -0.655657 -1.282022 -0.440245 0.392374 0.399426 0.098719 -0.841940 -0.013827 -0.998548 0.683737 -1.510972 -0.359136 1.055822 0.348445 1.937904 1.284786 1.056285 0.318927 1.190842 2.502870 1.845972 -1.171033 0.791508 0.783046 0.385508 2.186312 -0.254676 0.949664 1.133900 0.146242 -1.298037 -0.226525 -0.946697 -1.550539 -0.719178 0.013499 -0.004620 -0.307360 -1.101070 -0.350879 -1.286952 0.257325 -1.767554 -0.716749 0.628310
3 0.370139 1 -0.022394 0.297371 0.888538 0.550354 0.535072 0.481467 -1.436079 1.313297 0.331866 -1.349614 2.228728 0.604587 1.741697 -0.332231 -1.024121 -0.857170 1.116594 1.795584 0.883923 -0.810866 -1.613925 -0.774266 -0.919983 0.139081 -1.719735 -2.144515 0.272254 -1.108982 -0.955300 0.913704 -0.340412 1.315478 0.713310 1.000662 1.855409 1.520498 1.324264 1.177822 -0.894078 2.233411 1.187927 -0.747142 3.396676 1.432752 2.737014 0.200739 -0.448398 -0.258445 1.025223 1.901061 0.765443 -1.216745 -2.308934 -1.288159 -1.553123 -0.235926 -2.341642 -2.852283 -0.003470 -1.708441 -1.584823 0.758771 -0.806232 1.308628
2 0.685589 1 0.119876 -0.617941 -0.062506 1.428086 -0.155886 0.493668 -0.079986 -0.519042 -1.242427 -2.626725 0.256319 0.928329 0.664137 -1.236253 0.089554 -0.646978 2.088271 0.987867 0.023438 -0.975842 0.501933 -0.287290 0.372699 0.834617 0.027152 1.044536 -0.504314 -0.890650 1.530526 -1.296633 -0.645291 0.396756 0.899233 0.155925 0.556457 2.030533 0.540964 1.290764 0.706933 0.287383 -0.390930 -1.546524 0.901076 1.564623 1.373415 -0.469745 0.738096 0.212386 1.586771 0.492978 -0.411321 -1.221639 0.015040 -0.475832 0.081879 0.476894 -0.251337 0.588680 -0.880783 -1.301108 1.235809 -1.575521 -0.931505 0.066178
2 0.728200 0 0.071060 -0.092587 -0.431032 0.821987 -0.190584 -0.156825 0.636803 0.465306 1.553051 -1.627158 0.349380 0.482587 0.471707 -0.812857 -0.868426 0.440304 0.020865 0.022524 0.312780 0.436036 -0.126924 0.229944 -0.111879 0.803941 0.006625 -1.253646 -0.631996 0.090760 -0.748484 0.322887 -0.104337 -0.381812 0.825419 0.694479 0.389792 1.501852 0.573930 0.587962 1.326732 1.179321 2.164995 -0.758167 1.057261 1.173297 1.167510 0.014223 -0.018206 1.140830 -0.356811 -0.323514 -0.091875 0.057486 -0.459372 -0.116419 -0.456115 0.403699 -0.353909 -1.513574 -0.927873 -0.288322 -1.057473 -0.061120 -0.396255 -0.713907
3 0.320819 1 -2.966671 -0.033930 -0.097044 -0.016048 2.183831 -0.072049 0.832980 -1.344231 -1.523330 0.274308 -1.674780 1.956636 -2.014391 -0.808982 0.807513 1.503202 1.799906 -0.415365 -0.629565 0.276340 -0.254808 -0.655176 -0.415776 -0.746871 -0.110821 0.756372 2.196861 -0.345892 3.045396 0.971508 -2.673947 0.194823 -2.972849 0.514802 0.677953 0.603372 3.406070 0.765994 1.724523 -0.873471 -0.992423 1.101809 -1.145065 3.073063 -1.529664 0.017440 1.535850 2.425059 1.868399 -0.927265 -1.350573 -0.057207 -0.771476 -1.081448 -0.767506 -1.346299 -0.565557 0.526436 2.229286 -0.807982 3.245560 0.864575 -3.688696 0.028034
0 0.608569 1 -0.003687 0.816149 -0.341496 -0.321526 0.535670 -0.630602 -0.505784 -0.259589 1.074774 -0.585648 -0.385639 -0.408555 -1.422135 1.388385 -0.128707 -1.165260 -0.341001 -0.564538 -1.399057 -0.294856 0.321399 2.444337 0.048626 0.673787 -0.064263 0.021258 0.385099 -0.253027 1.586386 -0.530253 0.079291 0.230465 0.788808 1.634450 0.446122 0.410395 1.330614 0.124489 0.252393 0.472487 1.862491 0.086179 0.264499 0.410972 -0.734587 1.987336 0.622764 -0.544285 -0.709118 -0.989252 -1.859106 -0.691659 -0.092063 1.970084 -0.399329 0.287759 -0.504830 -0.288748 -0.090394 -0.698826 1.188767 -0.891576 -0.326228 -0.115914
3 0.423075 0 0.002160 1.299769 -1.551117 1.173029 -1.240828 0.764071 -0.007117 -0.377304 0.046626 -1.594231 -0.788884 1.284487 1.580984 -0.062807 0.265866 0.976169 0.317995 -1.664762 0.566883 -0.955940 0.260461 1.801149 -1.042373 -1.115512 0.732031 0.696599 -1.049009 -1.056596 -0.590310 0.229314 0.285071 0.814127 0.746414 2.325995 -1.134919 2.107466 -0.745776 1.667519 0.735244 0.271034 0.826328 -1.188766 -0.181059 2.287927 2.678046 0.664285 1.085942 1.951375 0.066178 -2.311818 0.336055 -1.476648 -0.035172 1.814525 -1.599445 -1.688060 0.542685 0.457036 -1.612812 -1.618302 -1.096893 -0.088382 -0.052689 0.634661
1 0.360571 1 -0.293449 0.740124 -1.447266 0.167441 -0.917335 2.092674 -2.132392 -0.154715 1.671634 -3.006111 0.638090 1.883492 0.639632 0.352423 0.555180 0.065907 -0.745422 1.567741 2.011520 1.049940 -1.735818 1.187629 -0.606192 0.782206 0.921372 -2.224201 -0.231781 -0.841103 0.706647 -2.796917 -0.988351 1.087399 0.308382 1.552749 -0.894783 1.059850 -0.302486 3.176506 -1.570892 0.331590 2.687302 -2.762971 1.371651 2.817737 1.466921 1.241672 1.351730 0.813725 -1.245052 1.333082 2.008058 0.747710 -2.359781 0.934281 -0.927440 0.745039 0.629002 -2.702913 -0.613649 -1.381670 0.427201 -3.619628 -1.372470 1.127983
1 0.433637 1 -0.270804 -1.173556 -0.576235 0.955376 -0.786519 1.121811 0.198587 1.085469 0.367980 1.076541 1.299665 -0.942140 -0.695912 -0.658818 0.006719 -1.704883 0.889592 1.257810 3.508397 -1.682137 -2.458970 0.225485 1.024784 0.598473 -0.751368 0.387064 0.181610 0.283393 -1.007751 -0.324700 -1.315944 -0.119017 0.499804 -0.670073 0.094381 1.903912 -0.146336 2.078225 1.085977 2.112171 1.076074 2.024895 2.340094 -0.363797 -0.125311 -0.035155 0.736136 -1.318942 0.535949 0.964127 3.708361 -2.284641 -3.281751 -0.103131 0.804947 0.307860 -1.253542 0.173558 -0.113445 0.046000 -1.480588 -0.660014 -1.707265 -0.387451
1 0.546239 0 0.913061 -0.105370 -0.778283 -1.345246 0.687118 -1.026992 0.404951 0.594031 -1.267195 -1.360155 0.909922 -1.301109 1.590305 -0.260768 1.569896 0.760822 -0.156869 -0.930353 0.140442 0.233693 0.950336 0.039868 0.679478 0.650590 0.492434 0.112963 0.525292 -0.415904 1.054891 -1.877904 0.165593 -1.649540 1.786842 0.613187 -0.135390 -0.776123 1.564575 -0.430830 1.185025 1.448992 -0.661979 -0.782358 1.804772 -0.719139 2.585514 0.489362 2.594289 1.638972 -0.554501 -1.439760 -0.218944 -0.067687 0.745293 -0.283478 0.428496 0.416075 0.240043 -0.200232 0.237077 -0.855685 0.900516 -2.526139 -0.167292 -2.257865
3 0.234212 1 -2.670440 1.241510 0.591595 -4.384590 1.216815 1.191956 -0.626134 0.014628 1.422206 1.363094 -1.970872 -2.695451 0.056676 -3.070593 1.013744 -1.707786 1.682086 0.833004 1.674995 1.171445 0.893167 0.735000 0.788914 -3.307563 -1.409800 2.340023 1.881472 0.087915 0.136112 1.783846 -0.291858 0.014883 -2.574267 2.207109 1.431128 -4.583632 2.282005 2.153497 -0.094838 0.808414 2.328929 2.439753 -1.627954 -2.468893 0.688068 -2.944701 2.128081 -1.438288 1.666120 0.675966 1.713721 1.093642 0.614708 0.256966 0.685468 -3.945685 -2.026093 2.410137 2.147494 -0.318840 -0.221921 1.736434 -0.784632 -0.310510
1 0.314539 1 -1.294607 0.081798 1.911128 1.560258 0.832705 -0.518967 1.749170 -1.943494 -1.855914 2.213173 1.662268 1.499179 0.297544 0.618792 -2.243855 0.315613 0.569844 -0.412505 -0.336008 1.539812 -2.650098 0.618023 -0.772753 0.069503 1.137420 -1.874358 1.756537 -2.173176 -3.957675 2.073001 -0.303815 -0.168545 -0.728534 0.813458 2.968908 2.516766 1.670702 0.173182 2.737354 -1.263840 -1.187560 3.393566 2.531275 2.491702 1.204899 1.419678 -1.892418 1.030132 0.376486 -0.902090 -0.863263 1.351760 -3.424184 0.434284 -1.283219 -0.208634 0.953809 -2.755527 1.610099 -2.770722 -4.839940 1.893811 -0.592550 -0.460263
0 0.225741 0 0.232442 -2.767508 1.365195 2.894169 1.289587 -2.235072 -1.990270 0.543025 1.464897 -1.600222 1.933115 -1.039892 -0.648601 -2.963703 -2.719472 -3.649477 -0.503512 1.712373 -2.160706 -1.269940 3.236453 -0.890312 2.079509 -0.889803 0.162241 1.958747 2.631004 0.518689 1.041766 2.597246 0.523094 -0.855061 0.925885 -2.025537 2.127623 3.598647 2.066801 -1.508570 -1.228241 1.279265 2.280393 -0.822038 2.717354 -0.310101 0.057972 -2.199435 -1.962976 -2.901057 -0.850596 1.411925 -2.510534 -1.554031 2.878119 -1.297573 1.722445 -1.244236 -0.237237 1.621140 2.212629 0.188695 0.723687 2.218869 0.191374 -1.211121
1 0.210334 1 -2.470126 -2.884601 1.966761 -2.398233 -0.083796 0.997540 1.408600 0.537668 -4.461166 -2.905017 0.350631 -1.085860 0.544669 4.894803 -1.447868 2.853065 5.950749 -1.046331 -1.454391 0.759129 3.369708 -1.856482 -1.973987 3.281288 2.771661 -0.119415 -0.108550 -2.915224 0.041589 0.699813 -3.300225 0.083600 -2.058100 -2.603173 3.032847 -1.918061 0.823964 1.881529 2.438843 1.286022 -4.487347 -2.480232 1.250342 -0.593184 1.406739 6.308446 -0.905998 3.742906 6.420801 -1.731089 -1.951272 0.494033 3.636046 -2.528181 -2.582440 3.474244 2.703164 -0.390972 -0.493158 -3.818914 -0.141188 0.312066 -4.285333 -0.119375
1 0.294960 1 0.008586 -1.523154 -2.900847 0.426353 2.625328 -2.407881 0.001540 -1.244384 0.644151 1.723979 0.372867 1.651233 -0.647544 2.819474 -1.774105 -1.473212 1.251589 0.636636 -0.368879 -2.341397 1.633837 -0.269370 0.937070 -1.550495 0.234190 0.398919 2.925993 -1.173232 1.885323 -0.637432 -0.707777 -1.157359 0.979261 -1.075534 -2.472425 1.156387 3.646350 -2.013122 0.640470 -0.719379 1.576840 2.866342 1.164082 2.686940 0.014024 4.097156 -1.353968 -0.968846 1.175736 0.417072 -0.794007 -3.083567 1.579568 -0.690044 0.828300 -2.075288 -0.066053 0.017051 3.059997 -1.674682 1.926381 -1.129942 -1.144847 -1.631653
2 0.234020 0 1.230465 3.639672 -0.799380 -0.448078 -0.284560 1.272907 2.224260 0.453599 -1.409581 0.027395 5.604173 1.084413 -1.126391 -2.463165 1.123420 1.289357 -2.263803 -1.425387 -0.860210 -4.248326 -0.200779 1.293575 -0.606843 -1.544462 -0.690621 -4.787023 0.027860 0.271070 -0.356528 3.365104 2.447094 -1.839223 1.873390 4.102755 0.054601 0.359339 0.484023 1.937716 2.783691 1.215538 -0.564538 0.799090 5.937169 1.716416 -0.299988 -1.513739 1.822775 1.937861 -2.433027 -1.680063 -1.104931 -4.273252 -0.516334 0.832417 -0.903775 -1.777653 -0.967995 -4.735302 -0.303645 -0.109140 -0.661699 2.745994 1.955470 -2.048826
1 0.596883 1 0.010326 -0.212862 0.740294 0.008320 -0.292807 -1.528736 -0.029056 -1.559296 -0.997042 1.206462 0.992632 1.022507 2.022314 2.052601 1.254307 -0.450994 -1.505427 1.283348 -0.667484 0.182281 0.945009 -0.954865 -0.470990 -1.116107 1.428665 -1.621065 -1.133196 -0.815684 -0.234822 0.554074 -0.051129 -0.061578 0.788867 0.395380 1.477281 0.715342 0.337870 -0.967064 0.712326 -0.956351 -0.401500 2.198591 1.937294 1.776380 3.008890 3.100592 2.029057 0.204896 -2.073098 1.088459 -1.175203 -0.132411 0.567803 -1.459985 -0.925337 -1.676025 1.383487 -2.225925 -1.635763 -1.245754 -0.783294 0.297416 -0.397981 -0.422120
1 0.738516 1 -0.054417 -0.711533 -0.177930 0.735768 0.523714 0.811871 1.230544 -0.105346 1.898971 0.323864 1.173906 -0.710416 -0.130428 -1.218143 -1.267879 0.494509 2.197648 -0.430158 -0.154392 -1.260386 -0.373900 -0.663891 -0.081893 -0.639054 -0.899147 -0.080148 -1.247327 0.421479 -0.979826 0.228179 0.943202 0.202561 0.631639 -0.183130 0.499093 1.625537 1.491914 1.736998 2.080014 0.639429 2.992207 1.206362 2.189384 -0.016687 0.672348 -0.603630 -0.643044 1.237048 2.104369 -0.854851 -0.628238 -1.970228 -0.674329 -1.159934 -0.394490 -1.146916 -1.457380 -0.341315 -1.816981 0.146281 -1.429294 -0.032261 0.677792 -0.126657
0 0.603090 0 1.063649 0.871265 1.016265 -1.540873 0.380471 0.840961 0.295729 -0.471674 -0.961423 -1.362797 -0.537233 -0.926061 0.911736 0.587770 0.353174 0.225986 -1.415929 -1.565099 0.639089 -0.951970 0.711576 0.069109 -0.532536 -0.503930 0.592377 0.220002 -1.223582 0.994797 1.443550 0.428412 0.007684 0.339504 1.839089 1.675549 1.810957 -0.820446 1.133558 1.588166 1.034970 0.281289 -0.187694 -0.615285 0.229953 -0.117914 1.627747 1.335411 1.137762 0.938978 -1.790989 -1.916761 0.314366 -1.266315 0.388776 -0.275582 -0.887379 -0.891009 0.223792 -0.111171 -1.565300 0.645045 1.091355 0.069421 -0.321143 0.005509
3 0.331660 1 1.442546 -0.422821 0.881260 -1.441153 0.927246 0.126951 -3.651703 -0.544233 -0.827312 -1.093707 -0.182583 0.642886 -0.973292 1.178257 -1.599307 -0.536876 0.251211 -0.277331 -0.596718 -0.110270 0.842430 0.847176 2.983853 0.263090 2.383805 -2.502110 0.910703 0.606244 2.476461 0.415344 -0.785754 -1.634292 2.496921 0.123055 1.856390 -1.014836 1.722482 0.885735 -3.703303 0.184290 -0.321100 -0.545574 0.565226 1.451335 -0.362388 2.226756 -1.298242 0.159454 -0.067884 -0.750354 -1.177759 -0.469089 0.758610 0.492728 3.163688 -0.042929 2.568114 -3.353489 0.745763 0.295662 2.737217 0.074311 -1.152051 -2.357155
3 0.746800 1 1.316127 0.011748 -0.155163 -0.487223 0.409559 0.094556 2.794838 0.668782 -1.186636 0.281726 0.204208 -1.540406 0.140445 0.927159 -0.327986 -1.173230 0.014617 -0.414139 -1.279604 -0.543447 -0.638679 1.080028 0.066795 -0.142254 0.840669 1.113220 -0.185332 -0.631048 -0.831367 -0.988126 0.155886 0.404278 2.248523 0.763940 0.563409 0.151928 1.233690 0.914817 4.103093 1.671383 -0.729385 0.978943 0.871512 -1.075152 0.941049 1.974342 0.397220 -0.724495 -0.229073 -0.822427 -2.059337 -0.967464 -1.261682 0.814767 -0.293964 -0.526861 0.680856 1.024405 -0.639865 -1.165879 -1.118366 -1.591367 -0.060081 0.259669
3 0.428495 0 -0.433440 -0.318085 0.253038 0.201345 2.456493 -0.957340 1.567463 -0.990353 0.870977 -1.210076 -2.145308 0.759609 -0.774841 -0.121205 2.012670 -2.000304 -2.028465 -0.848564 1.693284 0.834889 -1.259485 0.994081 0.510540 0.117294 -0.783735 0.231425 0.053084 0.752524 1.229592 -0.963338 -0.120292 0.416524 0.202093 0.370125 1.053416 0.945546 3.712225 -0.409190 2.622495 -0.442914 1.819785 -0.745684 -1.814362 1.677243 -0.188186 0.630557 3.107277 -1.654951 -2.792008 -1.374008 1.676243 0.688691 -1.864557 0.795837 0.276296 -0.218637 -1.314501 -0.043861 -0.300401 0.578102 1.127829 -1.504878 -0.532650 0.171651
0 0.520597 1 1.618930 0.034511 -1.888688 -0.157829 0.716872 -0.712129 0.582377 -1.426612 0.858465 -1.508419 0.542473 1.274650 -1.205639 0.359684 -0.339770 -0.368430 1.944918 0.181208 -0.325275 0.613458 -0.257963 0.650498 -0.851822 0.912271 -0.352127 1.797562 -1.726977 0.520338 -0.564391 -0.848489 1.675832 -1.749488 2.460621 0.787302 -1.154497 0.498849 1.361813 0.198693 1.362751 -0.516769 1.575255 -0.836094 1.152446 1.900594 -0.526886 1.030405 0.487050 0.407331 1.598717 0.014820 -0.793407 0.296092 -0.669397 0.218036 -1.293892 0.722089 -0.678338 1.402386 -2.209244 0.302558 -0.984470 -1.148693 1.435827 -2.127661
0 0.509130 1 -0.929679 -1.487633 -0.875055 1.270375 0.125337 0.247972 -0.881718 0.984693 -1.287877 -0.713517 0.020582 1.512316 1.540201 -0.561333 -0.087842 -1.309323 0.047428 0.297859 -0.790337 1.370490 0.496197 1.977191 1.069294 0.367258 -2.248904 0.199815 -0.563708 0.564651 -0.181399 0.208591 -0.044612 -0.337313 -0.302117 -0.636467 -0.154419 2.050239 0.836096 1.067638 -0.172363 1.528562 -0.608595 -0.085851 0.825654 2.127875 2.287239 0.213279 0.490845 -0.483949 -0.145886 -0.035816 -1.204473 1.002453 0.102190 1.653743 0.765111 0.082400 -2.682559 -0.048765 -0.817616 0.296610 -0.532154 -0.098817 -0.509184 -0.585155
0 0.730003 0 0.892778 0.681662 -0.357636 -0.425710 0.595573 -1.172441 0.325758 0.195163 0.716491 1.307696 -0.471444 -0.562091 -1.125225 -0.425920 -0.751198 0.367884 -1.037686 0.307338 0.784880 -0.179038 -0.967326 1.066349 0.065457 0.648891 -0.322428 -0.069105 -0.781268 0.568805 0.653558 -0.190619 0.400299 -0.739447 1.652139 1.427559 0.396116 0.353665 1.310344 -0.422963 1.111970 0.965966 1.450361 2.077683 0.273912 0.196227 -0.410420 0.308258 -0.018538 1.138405 -1.411737 -0.062655 0.427617 -0.536934 -1.322397 0.718373 -0.309976 0.270792 -0.672454 -0.433854 -1.116614 0.224286 0.294290 -0.541449 0.045826 -1.089841
0 0.394552 1 -0.472152 -0.505132 1.802325 -0.381363 0.753811 2.736166 -0.286580 -1.881093 -1.504506 1.248781 0.056100 -0.330096 -0.121314 -0.631046 2.041092 -1.318030 -0.819737 -0.058553 1.294663 -0.974747 -1.225597 -0.208913 0.753571 0.316233 -0.730859 -0.472417 1.447505 0.390293 -0.139772 0.763609 -1.522868 -0.019373 0.268295 0.231579 2.438609 0.271089 1.412134 3.453250 0.252312 -1.339078 -0.731300 2.001587 0.612377 0.245040 0.612954 0.083494 2.886808 -0.548557 -1.024927 -0.412419 0.831622 -1.365890 -1.682410 -0.538659 0.400863 0.106471 -0.962557 -0.902536 1.244869 0.084244 -0.354336 0.360187 -1.878955 -0.332166
3 0.324394 1 0.037542 -2.252671 -1.467730 1.156277 1.754867 -1.540303 -2.524633 -0.062731 -1.563433 1.168000 0.333012 1.142623 1.548518 0.761449 1.673694 -0.633932 -0.153461 1.669667 0.594500 -0.423799 1.777290 0.225982 -0.060918 -0.162995 -2.205346 -2.073436 0.003237 2.220769 -0.693256 -1.165273 -0.180452 1.096943 0.880462 -1.857401 -1.040446 2.356852 2.747696 -1.031598 -2.212822 0.777811 -1.243621 2.100921 1.212761 2.168130 2.660626 1.539789 2.593233 -0.040204 -0.558104 1.644326 0.569343 -0.890653 1.648902 0.067996 -0.427039 -0.576010 -3.055700 -2.852944 -0.365326 2.221812 -1.106068 -1.835433 -0.578696 0.918220
3 0.299371 0 -0.909026 1.192863 0.413402 -2.117099 1.328474 1.422151 -0.471982 -2.805274 -1.053508 3.059676 0.216082 0.447600 0.046259 0.782382 0.824822 -0.818789 -0.018401 -2.036113 -2.777601 1.825332 -0.940451 -0.907782 3.510483 -0.933373 1.388202 0.817981 -0.146792 -0.802067 -0.001384 -1.673863 0.551009 0.586787 -0.305637 2.126379 1.205168 -1.761677 2.325465 2.415841 0.172187 -2.627012 -0.501519 4.408189 1.000014 1.249557 0.826851 1.745438 1.774092 -0.213203 -0.418226 -2.806595 -3.673251 1.877959 -1.502622 -1.432118 3.835397 -1.534552 1.305063 0.640712 -0.542702 -1.292027 -0.328558 -2.435294 0.347772 0.304465
3 0.495441 1 -0.595219 -0.034063 -1.217523 -0.171632 1.347711 -0.091282 1.519723 -0.447985 1.103589 -0.943464 3.314403 -0.784127 0.501872 1.397924 -0.031815 0.876386 0.930808 -0.822855 -1.372633 -0.607594 0.395728 0.108935 -0.378372 -0.725939 -1.300199 0.494472 -1.307984 0.115159 0.185726 -1.040414 -0.302775 -0.116561 0.102077 0.614696 -0.768589 0.523852 2.490994 0.792681 2.534547 0.250577 1.991639 -0.459720 4.692013 -0.296619 1.287884 2.190951 0.770813 1.750682 0.592300 -1.399711 -2.046881 -1.025659 0.182584 -0.138210 -0.927863 -1.192277 -1.854895 0.371092 -1.999724 -0.258446 -0.254338 -1.581058 -0.756442 -0.591388
0 0.251795 1 -0.387942 -0.239568 -2.126323 2.053121 -0.032220 3.581097 -0.167960 -0.912760 -2.109140 0.213743 0.540385 1.242057 -1.134219 -1.790092 -3.181269 -3.475674 -0.792635 0.499676 0.610807 -1.183926 2.509069 2.992783 1.308437 -2.442383 0.614949 1.303860 -3.185260 2.344449 2.168884 -0.545413 0.811502 0.911966 0.446668 0.647296 -1.379706 2.921060 0.748514 4.299112 0.755337 -0.359342 -1.316766 0.989070 1.169202 1.906645 -0.409420 -1.095146 -2.375470 -2.687061 -1.318599 0.187003 0.277713 -1.553023 2.321410 2.791323 1.069178 -2.719245 0.234068 1.168125 -3.537222 1.965904 1.789916 -0.841607 0.358577 0.439624
1 0.727401 0 -0.628284 -0.372032 0.304119 -0.443789 0.050160 -0.551186 -0.034184 -0.721703 -0.386016 0.390672 0.648222 0.062018 -1.550580 0.501012 -0.789479 1.213520 -0.137075 1.091154 0.818504 0.613986 0.809154 -1.059659 0.494271 -1.853558 -0.596491 0.484546 -1.658260 -0.506165 0.475240 0.824219 0.791874 1.715790 0.022299 0.348055 1.123181 0.240041 0.801993 0.118475 0.682290 -0.056626 0.277032 1.207980 1.499093 0.840880 -1.022285 1.294006 -0.137360 2.139038 -0.492854 0.902531 0.584100 0.352310 0.566395 -1.543560 0.213217 -2.474961 -1.023512 0.205803 -2.295111 -0.940957 0.170619 0.631311 0.558267 1.646628
1 0.437504 1 0.060399 0.280386 -0.077194 -1.066835 -0.076302 -0.167078 1.253753 -2.402387 -0.141018 0.570327 -1.752532 -0.399052 -0.246554 1.914873 -1.419404 -0.597408 0.953823 1.013341 -0.892453 1.187606 0.079129 0.779920 -0.675553 0.662124 -1.774755 1.324128 1.299440 0.667704 -0.260431 -0.763868 0.126719 0.539152 0.855661 1.000379 0.677301 -0.608091 0.625797 0.421163 2.073502 -1.940918 0.741902 1.388617 -1.201824 0.199490 0.502270 2.723434 -1.026802 0.120891 0.816741 0.845206 -1.253371 1.032121 -0.230342 0.496172 -1.091228 0.451936 -2.470770 1.324173 1.104405 0.382890 -0.763298 -1.248023 -0.118314 0.353960
0 0.338506 1 0.357160 -1.574627 2.059151 -1.393550 -0.265927 0.276831 -1.749670 0.570068 0.301289 0.515835 1.592022 -2.434545 -0.416556 -1.012646 -1.113771 0.841830 -2.282620 -0.631034 -0.661685 -0.147481 0.700381 -0.850319 1.178281 1.652186 2.681679 -1.670174 1.161659 0.479506 1.386064 0.205543 0.417841 -0.172719 1.167585 -0.779447 2.737636 -0.577240 0.523611 0.964368 -0.999900 1.443021 1.079802 1.313303 2.419393 -1.565960 0.267584 -0.080136 -0.261643 1.687580 -2.581062 -0.891539 -1.078842 -0.353110 0.493582 -1.280768 0.815542 1.263031 2.344004 -1.943980 0.859971 -0.037295 1.024453 -0.167325 -0.059358 -0.636870
0 0.657622 0 -0.096260 0.323460 -0.012910 0.663062 -0.844522 -0.151735 0.455600 -0.288370 1.142073 0.754170 -1.104610 0.857824 -0.421270 -0.450919 0.107652 0.271659 0.229931 0.830212 -0.251122 -0.848561 1.461385 0.581749 0.407734 -1.172468 -0.147783 -0.038199 0.407244 -0.558429 -1.686159 0.263476 0.589392 -1.273305 0.655573 1.053505 0.697201 1.386664 -0.046610 0.628595 1.198863 0.477438 1.902296 1.503853 -0.356609 1.625805 0.344844 0.320672 0.847944 1.009167 -0.122015 0.492319 -0.614193 -1.186362 1.123284 0.223976 0.090380 -1.519031 -0.501129 -0.391001 0.062317 -0.878922 -2.051501 -0.108067 0.263429 -1.625792
2 0.701163 1 -0.580263 0.788521 0.747137 -0.288806 -0.059830 0.820027 -1.618268 1.187441 -0.245402 -1.003830 -0.760980 -0.759698 0.432243 0.275700 0.047283 0.383493 0.328331 -0.550620 -0.471111 -0.505480 0.583231 -0.473070 0.264785 0.072674 2.011091 0.040910 1.090907 -1.486332 1.028813 -0.900749 -0.916223 0.518074 0.144006 1.449436 1.374093 0.500623 0.740130 1.464217 -0.621717 1.790113 0.483549 -0.222011 -0.036549 -0.004550 1.216520 1.122468 0.835369 1.157550 -0.143248 -0.891888 -0.784693 -0.755838 0.234195 -0.723128 -0.106403 -0.363933 1.505755 -0.325782 0.704648 -1.584135 0.556215 -1.157565 -1.329233 0.053371
2 0.745697 1 0.705848 0.020851 0.222597 0.270760 -0.049180 0.587623 0.411035 1.336806 -2.094756 0.268556 -0.195015 -0.979393 0.086038 -0.118525 0.460980 -0.146985 -0.363040 0.086044 0.351186 -0.252884 -0.512198 -0.404379 -1.101695 0.461740 0.458950 -0.959203 -0.484305 1.754473 0.022900 0.697141 -0.867918 0.325946 1.413036 0.779412 0.941929 1.082269 0.845063 1.335523 1.189122 1.943123 -1.301460 1.044667 0.581368 -0.282099 0.869213 0.727409 1.247483 0.802716 -0.614619 -0.211022 -0.105872 -0.580742 -0.798922 -0.707453 -1.229890 0.217922 -0.050413 -1.370377 -0.799347 1.297356 -0.410745 0.278043 -1.070943 -0.018972
1 0.456435 0 -0.824107 -0.688711 0.489890 -1.310387 1.022489 0.303953 -2.992353 0.320273 1.117919 -0.174430 -1.579593 1.498405 1.275302 -1.740071 0.095508 -0.149293 -0.582450 0.318637 0.876950 -1.848566 0.055202 -0.200991 -0.888567 -1.740938 0.821812 1.088285 1.494045 0.959163 0.367884 -0.154253 1.569812 1.199180 -0.153286 -0.022496 1.345538 -0.764175 1.916165 1.107382 -2.726105 1.091917 2.024145 0.547983 -1.050326 2.474733 2.215282 -1.238122 0.856110 0.577831 -1.013441 0.025502 0.666110 -2.454940 -0.283780 -0.537405 -1.363004 -2.338534 0.633110 0.895614 1.378802 0.714928 0.042611 -0.515072 1.427250 1.028559
3 0.659704 1 0.027684 -0.635501 -0.325482 0.454320 0.894986 0.190031 -0.292709 -0.408526 -0.069633 -0.523210 -0.200639 -1.595429 0.425045 0.131915 -1.344845 0.126520 1.233804 -0.980709 0.447190 0.001990 0.545499 -0.429921 1.025768 -0.240371 0.100052 0.116934 0.681889 0.539479 0.286877 -1.931881 1.067281 0.681593 0.775567 0.145242 0.452864 1.328524 1.890290 0.900161 0.378924 0.307566 0.655704 0.108576 0.468643 -1.219536 1.393710 0.849779 -0.882006 0.884627 1.079332 -1.531279 0.108834 -0.467140 0.241610 -0.915126 0.930164 -0.707978 -0.100793 -0.133123 0.395855 0.408306 -0.066807 -2.668587 0.941913 0.248487
0 0.315053 1 0.644492 0.174865 0.783939 0.305402 -1.982128 -1.251535 1.179401 -0.070464 -0.451446 -3.249036 -0.372488 0.643207 -1.490640 0.478261 1.612302 -3.033011 2.985589 -2.206705 1.044294 -1.179671 -0.219440 1.657841 2.548503 -4.146562 1.579798 -1.910777 -0.930791 1.604583 1.198899 0.275057 -0.303359 4.081620 1.297120 0.798674 1.399722 1.016652 -1.310277 -0.647930 1.863074 0.612814 0.404941 -2.514827 0.438658 1.506241 -0.771815 1.145019 2.277732 -2.390168 2.616655 -2.718863 0.834765 -1.498290 -0.565125 1.334739 2.163775 -4.561480 1.203966 -2.331818 -1.164906 1.108104 0.739374 0.051742 -0.569813 3.821839
3 0.652306 0 -0.321911 1.135032 -0.096864 0.746429 0.192380 0.293032 -0.512039 1.113264 0.016314 -0.348615 -1.241705 -0.416222 -0.576866 -0.438320 0.507242 0.896011 -0.856012 -0.438144 0.876867 0.103027 -1.013314 -1.791250 -0.316416 0.193630 -0.041241 -0.776901 0.760534 0.568728 -0.510638 0.979631 0.010660 1.303677 0.376512 2.122916 0.620437 1.625128 0.989917 1.092622 0.131705 2.114170 0.785277 0.319667 -0.775072 0.236563 0.056876 0.213487 1.364938 1.850579 -1.385470 -0.847037 0.705222 -0.227816 -1.556491 -2.499641 -0.772809 -0.134360 -0.443789 -1.305391 0.621763 0.306970 -0.998146 0.812458 -0.385516 1.194318
2 0.341645 1 -1.077144 -0.784898 1.136505 -2.794646 -1.807643 -4.262716 1.987120 -2.041771 -2.028754 -0.329030 0.213095 0.837469 0.739177 1.798922 1.933869 1.924533 0.127990 0.272347 -0.873603 -0.454998 0.327795 -0.161035 0.771135 2.504672 -0.571126 1.129935 0.084847 -0.843460 0.473380 0.729503 -0.713419 1.751951 -0.284704 0.083065 1.773697 -1.770824 -0.712472 -3.187099 2.515636 -1.020345 -1.088723 0.622823 0.965588 1.474370 1.510058 2.432419 2.515216 2.510245 -0.339917 -0.126172 -1.033342 -0.945829 0.115843 -0.492193 0.262058 2.111960 -0.770651 0.718556 -0.331232 -1.118206 0.002906 0.265375 -0.997763 1.254589
0 0.705797 1 0.931376 -0.214088 -0.225566 -0.376901 0.981307 0.960933 -0.091237 -0.388257 0.995169 -0.888876 -0.904385 -1.542266 0.605343 0.639907 1.152749 0.522169 -0.511315 -0.690991 0.310040 0.642407 0.204437 -0.558365 -0.309628 0.853291 -0.523253 -0.763602 0.700869 1.156606 0.291864 0.292738 -1.570523 -1.681955 1.604313 0.614297 0.630491 0.487232 1.754019 1.662170 0.648209 0.340285 1.637331 -0.257625 -0.143344 -0.733789 1.429854 1.299571 1.755283 1.235253 -0.903697 -1.060284 -0.004521 0.318645 -0.226997 -0.960294 -0.664216 0.508458 -0.854583 -1.179311 0.373031 0.731962 -0.070026 -0.079807 -2.013895 -2.026534
2 0.257342 0 1.582548 -0.260727 -3.123743 -1.556166 -1.935649 1.435835 0.395133 -0.497261 1.457391 -0.828244 -2.415827 0.076371 1.751061 -0.729318 -0.300999 0.844772 -0.695750 -1.391446 -0.559828 -2.288108 2.460706 1.173375 -1.291502 -0.815254 1.246100 0.846003 2.441596 0.058186 2.367916 -1.826295 3.594269 -1.215146 2.157826 0.531539 -2.098437 -0.698986 -1.035057 2.146354 1.110212 0.296544 2.100216 0.012739 -1.407546 0.750319 2.403239 0.106061 0.513499 1.512766 -0.967054 -1.612863 -0.882264 -2.455273 1.920266 0.679340 -1.564943 -1.098597 0.812626 0.446064 1.897308 -0.233791 1.834373 -2.063906 2.935339 -1.410580
3 0.491256 1 2.106982 -0.893980 -0.573558 -0.691985 -1.522474 -0.526806 -1.590911 0.186148 -1.570237 0.823750 -0.265123 0.490369 3.333842 0.581077 -0.442094 -0.884056 1.075471 0.362943 1.012970 -0.376168 0.773707 0.972600 -0.601834 -0.726988 0.159798 -2.079479 1.240337 0.836981 -1.385454 0.504009 -1.115341 0.785504 3.297223 -0.284425 0.158413 -0.034916 -1.209608 0.096903 -1.149410 0.981134 -1.183085 1.627452 0.510643 1.312162 4.782435 1.392542 0.226547 -0.477069 0.971025 0.235182 0.892931 -0.859548 0.614124 0.828929 -1.088462 -1.346187 -0.201952 -2.841847 1.211776 0.718724 -2.152238 0.299067 -1.706513 0.644935
3 0.433199 1 -2.189164 1.731108 0.780018 1.651130 -0.521450 0.089854 -0.661335 -1.414746 1.651304 0.042366 0.250779 0.811410 1.543924 -2.263147 0.601824 2.200822 0.261978 1.035955 0.566253 -1.054766 0.328059 -1.400694 -1.424057 0.661932 -1.166290 -1.995673 -0.760272 -1.876170 -0.940253 0.808688 2.219428 0.431184 -2.004143 2.921434 1.716942 2.836832 0.250116 1.016592 -0.236879 -0.922018 2.682876 0.850638 1.000995 1.666394 2.634921 -1.941431 1.442204 3.375801 -0.075449 0.946843 0.320054 -1.664993 0.070806 -2.049490 -2.000539 0.390923 -1.755192 -2.676397 -1.201840 -2.549717 -1.507181 0.617255 2.246459 0.064152
0 0.668748 0 -0.282204 -0.732759 1.322243 0.461337 0.003934 -0.150456 0.397556 2.312483 -0.197284 0.522476 -1.931660 -1.445092 -0.256147 -0.047491 0.657824 0.420110 -0.297611 0.948122 -0.360473 1.262389 -1.363423 1.600044 -0.094684 -0.038590 -0.167359 -0.537076 -2.183843 -0.261482 -0.523489 1.411503 0.022309 -0.471208 0.447879 0.012376 2.093825 1.207859 0.760645 0.593478 1.160103 3.052691 0.535928 1.288038 -1.205226 -0.695797 0.501175 0.690645 1.405733 1.175633 -0.651520 0.596441 -0.750792 0.893107 -1.731893 1.253051 -0.407564 -0.375014 -0.537920 -0.934582 -2.566803 -0.624346 -0.864746 1.060316 -0.351757 -0.817092
3 0.335323 1 1.946261 -1.248129 -1.344172 -0.340946 -1.197257 -1.284863 1.093386 -0.631466 -1.095091 -0.012566 1.746443 1.616035 -0.253260 -0.668310 -0.793713 1.064587 -0.821083 -0.280149 0.425555 0.489469 -1.044885 0.511940 2.358775 0.900197 -1.666283 -2.720458 1.465426 -1.007363 -0.153708 0.731949 1.007865 1.205813 3.029098 -0.527585 -1.051232 0.371859 -0.905164 -0.772474 2.123033 -0.020097 -0.571481 0.682612 2.967750 2.711709 0.392428 -0.001487 -0.284408 2.035475 -1.227607 -0.698919 0.190421 0.313223 -1.713454 0.324350 2.364738 0.824947 -2.253462 -3.570304 1.347875 -1.486098 -0.535643 0.490633 1.036792 1.156852
2 0.200395 1 -0.233075 2.713659 0.178167 -0.689230 2.830763 3.131563 0.487642 -0.048691 0.635836 -1.482710 0.687822 0.925327 0.418801 -2.580016 1.063294 -0.063176 -4.353287 -0.699170 -2.314936 -2.650149 -3.166847 8.153623 -0.096099 -1.319596 1.846414 0.823669 1.269164 -0.947972 -3.519590 0.823376 -0.211774 -1.612802 0.550699 3.061303 0.988222 0.053200 3.382339 3.578985 1.169482 0.822500 1.451309 -0.514896 1.240475 1.638371 1.053520 -1.827678 1.725659 0.669647 -4.554068 -1.115304 -2.422547 -2.717599 -3.271614 7.195960 -0.452564 -1.613536 1.429937 0.541942 0.773230 -1.220722 -3.474404 0.411826 -0.382187 -1.823105
3 0.679224 0 0.676733 0.323252 1.161936 1.357827 0.733356 -0.955104 -0.516417 -0.896443 0.672961 -1.183151 -1.015192 -0.065792 -1.041361 -0.465192 -1.129308 0.259322 -1.670722 0.903755 0.281822 -0.049457 -1.026119 0.044631 0.240481 -0.622368 1.574728 -0.458180 -0.168353 0.074766 0.308111 0.281523 1.166227 1.201728 1.545260 1.158467 2.172679 2.366731 1.606136 -0.393611 0.152661 -0.362440 1.581869 -0.672242 -0.476542 0.672124 -0.502411 0.199576 -0.587762 1.037626 -2.347861 0.724571 -0.012412 -0.451822 -1.546736 -0.284680 -0.052342 -1.119339 1.537586 -0.846903 -0.569226 -0.288747 0.007685 -0.035975 1.059676 1.077607
0 0.744950 1 1.140680 -0.616459 -0.504953 0.628131 0.439426 -1.269503 0.092825 0.130542 -0.240139 -0.300796 0.080266 0.241627 0.546545 0.009436 0.557372 0.390941 -0.369082 -1.010909 -0.035150 0.359083 -0.717543 0.764464 -0.766612 -1.031445 -1.134233 -0.652801 0.069494 1.105842 0.461927 0.799290 1.097140 -0.265405 1.798049 0.139397 0.273389 1.376506 1.257626 -0.516793 0.946220 0.828773 0.513115 0.367821 0.819338 1.102221 1.271991 0.686316 1.330065 1.026139 -0.747795 -1.386851 -0.276556 -0.014323 -1.136750 0.383777 -1.030593 -1.384817 -1.549123 -1.076253 -0.111243 0.660201 -0.007865 0.437444 0.795361 -0.525976
1 0.436662 1 -0.921555 0.713512 0.712652 0.559871 0.618573 0.665137 2.377606 -2.080916 -0.498063 0.285846 0.374924 0.363829 0.067581 1.153879 0.141213 1.191857 1.109454 -0.602373 -1.592606 -0.633323 -0.999396 -0.489877 1.681312 2.011173 -1.007192 0.984274 -1.403683 -2.187096 -0.625207 0.113462 -0.431348 -1.653521 -0.268399 1.686279 1.569210 1.349121 1.622794 1.524654 3.521181 -1.641521 0.148561 1.010381 1.150428 1.330535 0.782082 2.055011 0.947651 2.267168 0.861533 -0.994411 -2.156093 -1.178196 -1.580287 -1.026159 1.553526 1.955384 -1.474827 0.822430 -1.905658 -2.836349 -1.282626 -0.232929 -0.740602 -2.184348
2 0.643384 0 0.116956 0.611834 1.343866 -1.088397 -0.705179 -0.489857 -0.376959 0.994286 0.248002 0.609802 0.285759 1.419878 1.119961 -0.002286 -1.179143 -0.701208 -1.385734 0.333878 1.013826 -0.382674 -0.994406 1.106276 0.890460 -0.023347 1.887495 -1.381870 -0.186929 -1.666114 -1.657061 -0.063715 -0.533389 0.835990 0.874004 1.309747 1.967644 -0.245693 0.119905 0.284152 0.424373 1.636384 1.008437 1.320200 1.017996 2.068094 1.770797 0.780926 -0.347175 0.106807 -1.616748 -0.019015 0.588492 -0.693045 -1.269446 0.667382 0.461966 -0.379356 1.385956 -1.634850 -0.521651 -1.862861 -1.870802 -0.406253 -0.813447 0.411300
2 0.621544 1 1.606583 -1.013493 -0.052200 -0.555511 0.026574 -0.477983 1.943266 -0.394786 -0.220131 -0.177122 0.388363 -0.329060 -2.581283 0.917839 0.192935 2.256200 0.274104 0.090336 -1.669772 0.645375 -0.996036 -1.152557 -0.431321 -0.235473 1.713841 0.058223 2.386689 -0.796475 -0.676526 -1.606096 -0.143048 1.008544 2.289262 -0.146333 0.717316 0.099896 0.998209 0.299426 2.542128 0.270782 0.604329 0.598211 1.201519 0.461542 -1.604945 1.672464 0.956700 2.953459 -0.096600 -0.402406 -1.756648 0.251086 -1.383249 -1.418492 -0.837518 -0.485659 1.261603 -0.195744 1.953029 -1.046858 -0.894213 -1.778777 -0.559376 0.486397
2 0.570243 1 0.329530 0.752155 0.710423 -0.820544 0.233716 0.534834 0.671318 -0.808531 -1.517080 0.213614 0.061895 1.661715 -1.968834 0.868629 0.238277 0.136715 -1.524214 0.435860 0.658884 -0.519375 0.436598 -0.290833 0.251697 1.788618 -0.978026 0.256901 0.052389 -1.205454 -0.829397 0.565109 0.075937 -0.472525 1.131788 1.413145 1.475012 0.010627 0.847728 1.365642 1.336105 0.070230 -0.760403 0.958385 0.902952 2.377376 -1.166535 1.448318 0.877620 0.725229 -1.777959 -0.047525 0.184068 -0.811915 -0.006717 -0.656282 -0.104918 1.339004 -1.197737 -0.170548 -0.288274 -1.456374 -1.210519 0.100464 -0.228015 -0.943627
2 0.728001 0 0.723452 0.287791 0.607521 0.657647 -0.840474 -0.249816 0.092354 -0.008129 0.124357 -0.633029 0.317576 0.171328 0.358601 -0.498592 -0.790803 -0.430922 -0.073234 1.360603 -3.145421 -0.542719 0.399045 1.062807 -0.610109 -1.078544 -0.492084 0.727701 -0.379908 0.234430 0.720377 0.559737 1.076453 0.292002 1.423720 1.013682 1.308136 1.327318 -0.036605 0.507891 0.828218 0.765150 0.827785 0.192774 1.043862 0.895912 1.085780 0.291911 0.009369 0.358848 -0.420408 0.910715 -3.267674 -0.827468 0.035884 0.639141 -0.908130 -1.349257 -0.793508 0.345607 -0.701403 -0.150408 0.301049 0.158099 0.637418 -0.070484
