32 60
2 0.211377 0 0.855266 1.233334 1.102421 -0.165318 -5.416949 1.559325 -2.733474 -0.994879 0.145402 -0.697311 0.401948 -1.825374 -2.192690 -1.741646 0.111775 0.718201 -0.311527 0.056448 -1.326256 -1.407380 -0.703606 3.136447 1.268166 3.303836 0.566011 3.923436 -3.793630 1.320933 1.441032 0.078976 1.021318 1.065765 1.536333 1.908322 1.707013 0.633394 -4.201360 2.148198 -1.761191 -0.176510 0.921327 0.134268 1.132644 -0.969276 -1.321981 -0.860593 0.832960 1.380271 -0.609269 -0.338060 -1.602552 -1.651617 -0.969050 2.519968 0.804205 2.675515 0.235857 3.241569 -3.851018 0.856226 1.020081 -0.302398 0.601773 0.675994
2 0.152145 0 2.046262 -0.269217 -1.566533 4.235234 2.909732 -2.808675 3.849157 -0.647346 3.056123 -3.440637 1.571873 2.403967 -1.514736 0.348319 0.673252 0.371774 0.290200 -3.219057 3.521587 2.639369 -2.215256 -0.964274 1.402535 -0.312755 -1.983039 -3.057186 -1.115680 -5.268306 -2.269267 2.164431 -1.584777 0.752927 2.614335 0.440055 -0.635072 4.647592 3.409130 -1.772093 4.288350 0.130966 3.585440 -2.362076 2.179781 2.968470 -0.639501 1.063521 1.356669 1.053131 -0.090074 -3.354144 2.875190 2.053676 -2.386813 -1.220563 0.990305 -0.650065 -2.164726 -3.149993 -1.390408 -5.215866 -2.543516 1.618607 -1.795201 0.298918
1 0.397634 0 -1.020794 -0.656171 0.825810 1.284941 -1.015126 1.218334 -0.322561 0.451893 -0.093460 -1.583828 -0.106993 -0.646212 1.024964 -3.366790 -0.812367 1.321605 -0.301464 0.066747 -1.454127 1.344231 0.701430 -1.108124 0.469887 -1.423668 0.223140 1.943421 -0.108120 -0.926105 1.091760 -0.770504 0.706326 3.041924 -0.410473 0.006646 1.704643 2.241315 -0.422924 2.177338 0.422782 1.264110 0.670689 -1.063362 0.635409 0.025074 1.893667 -3.107263 -0.230659 2.306125 -0.679206 -0.291934 -2.000224 1.201128 0.451097 -1.669122 0.220081 -2.004147 -0.084511 1.899080 -0.472704 -1.420500 0.909127 -1.243572 0.420092 3.187773
3 0.176200 0 -1.195529 1.675176 -1.905745 -2.293593 5.187797 1.139433 -0.205476 -4.410417 -0.276668 0.541036 2.171611 0.797268 -0.235284 -4.408370 3.531135 -0.610311 0.590497 -0.124883 0.032368 -3.161046 -1.478823 0.247772 2.158695 -0.558044 -0.935494 1.289488 4.313298 -1.193350 0.911073 -0.334122 0.513414 -1.772906 -0.618525 2.759944 -1.528769 -1.994760 6.990209 2.102323 0.536578 -4.618873 0.430053 1.403659 3.367385 1.728822 0.432666 -4.512077 4.967343 0.016603 0.336620 -0.493873 -0.312664 -4.157201 -2.095643 -0.019883 2.260944 -1.053820 -1.460000 1.153012 4.804512 -1.747945 0.774241 -0.760662 0.252573 -2.417683
3 0.563267 0 1.139766 -0.167850 -0.429085 0.362303 0.044723 0.373887 -1.172484 -2.520073 1.038088 -0.064586 -1.888670 0.143661 0.386990 0.088246 0.136884 0.973802 0.351174 -0.403908 0.106213 1.492851 0.681347 1.406069 -0.682726 0.373174 -0.261161 -0.606455 0.908736 -0.279998 -1.087901 -0.234235 -0.052758 -0.156022 2.104873 0.578472 0.207852 1.186102 0.813142 1.208997 -0.627561 -2.283974 1.968384 0.703345 -1.525474 0.930220 1.188356 0.821876 0.922043 1.872714 0.063772 -0.848357 -0.201169 1.421673 0.452972 1.323213 -1.154752 0.107807 -0.665359 -1.061148 0.747683 -0.668001 -1.670648 -0.638857 -0.421331 -0.522007
1 0.562848 0 1.540811 -0.677948 1.269440 0.160433 -0.542010 0.057596 0.563275 -0.675996 0.881271 -1.474993 -0.483975 -0.726657 0.463079 -0.841747 1.290894 -1.526621 0.648532 -0.078871 -0.868683 -0.578457 1.457851 1.630815 -0.460869 0.063095 1.350503 -1.431767 1.165242 -1.556303 -1.124238 -0.096391 0.601885 0.000805 2.522901 -0.006626 2.189954 0.940708 0.144219 0.812876 1.401327 -0.012992 1.795703 -0.957441 0.198679 -0.102303 1.290919 -0.203502 2.239305 -1.013238 0.394449 -0.441121 -1.365318 -0.969707 1.331812 1.543889 -0.880514 -0.275798 1.247026 -1.984113 1.003614 -2.148628 -1.617826 -0.442120 0.329462 -0.393868
1 0.227286 0 -0.989214 -2.201134 3.206356 -0.506894 0.480712 -0.131018 0.750040 0.816761 2.680280 -2.249142 0.001988 0.400878 -2.044558 1.735205 -4.580037 0.403860 2.224564 -1.295779 2.049670 0.061731 1.923599 -2.090426 -0.455851 0.695507 1.498935 1.848138 0.475368 -2.241543 0.576235 -2.177229 0.480958 -1.347962 -0.382978 -1.771595 4.499050 0.175593 1.231511 0.539864 1.567461 1.697918 3.871702 -1.852137 0.696758 1.185338 -1.594192 2.714462 -4.483937 1.169748 2.223213 -1.881198 1.961305 -0.276395 1.822333 -2.748484 -0.878266 0.464546 1.388389 1.729535 0.177417 -2.899020 0.327267 -2.842832 0.198423 -1.843706
3 0.102254 0 1.602020 0.456656 -3.094690 -0.535378 -1.724304 -3.495978 0.252275 -0.876878 -2.358231 -0.141129 -0.692829 -1.166803 -1.902831 1.369120 2.419771 -2.275247 0.439136 6.642221 1.196984 1.575431 3.802377 0.689724 -1.711336 -0.301112 2.389022 -1.415724 3.982816 -1.981730 -2.406911 1.307024 0.788918 -2.832385 2.683384 1.322707 -3.016991 0.109676 -1.295006 -3.442263 1.124207 -0.314811 -2.088881 0.570300 -0.126449 -0.578569 -1.593905 2.374106 3.654921 -2.026885 0.165462 7.596531 1.058122 1.501945 4.205063 0.441661 -2.445174 -0.664396 2.497823 -2.043812 4.426518 -2.743486 -3.331091 1.269065 0.604011 -3.746435
2 0.344289 0 -1.317487 -1.058935 -0.433701 1.291893 -1.052372 1.362007 1.246353 -0.005524 -1.658975 -0.027526 -0.912338 -0.587038 -1.629177 -1.211206 0.797041 -0.162326 0.673856 -3.154543 0.992489 -1.881876 3.317599 -1.371394 1.322903 1.266816 1.940067 0.019088 -0.631234 -0.418532 1.217255 1.443336 -0.387162 1.010643 -0.451372 -0.236025 0.331304 1.888879 -0.177979 2.016659 1.879478 0.694775 -0.817860 0.693973 -0.063023 0.193023 -0.706857 -0.418426 1.510008 0.577898 0.244473 -3.200689 0.619096 -2.084239 2.693108 -1.616466 0.834291 0.814231 1.416664 -0.355288 -0.931138 -0.687222 0.774643 0.955965 -0.726991 0.525361
3 0.374201 0 0.767155 -1.590278 -0.816605 0.383027 -0.089015 -0.690144 -0.642270 -0.284592 -0.076411 0.794253 -1.571616 -0.210197 1.875983 -1.156766 -0.089288 -0.516354 0.027032 0.241299 0.092039 -0.461819 1.448911 -0.793775 0.529759 1.235637 -0.282974 2.818076 0.756966 -0.058223 -0.029732 -0.853012 -0.377099 -0.379965 1.680761 -1.180890 -0.285415 1.143945 0.689469 -0.119718 -0.043684 0.396005 0.638323 1.694168 -1.152120 0.496360 3.054880 -0.611302 0.672529 0.106856 -0.313174 -0.100138 -0.256383 -0.933714 1.399841 -1.300771 0.282794 1.154277 -0.674423 3.033966 0.571462 -0.402185 -0.325877 -1.405678 -0.799077 -0.813615
1 0.674232 0 0.982684 0.677940 -0.032871 -0.261993 -0.198726 0.222399 -0.256913 0.712388 0.550487 0.307990 0.180927 1.829917 0.386415 -1.049233 0.584739 -1.231681 -1.451974 -0.231839 -0.113679 -0.054312 0.039862 0.745957 0.639465 0.026824 -0.468622 -0.950378 -0.539026 0.631962 -0.109852 0.011582 -2.137490 0.557051 1.866028 1.513651 0.742346 0.468557 0.538751 1.021524 0.440531 1.556044 1.355124 1.073489 0.932350 2.866335 1.198063 -0.465364 1.415286 -0.668315 -2.022496 -0.650276 -0.500803 -0.391800 -0.313685 0.506051 0.369943 -0.338199 -0.861425 -1.444359 -0.953728 0.365615 -0.459942 -0.343754 -2.776668 0.309058
1 0.810810 0 -0.200722 -0.253609 -0.347949 0.316723 -0.581250 -0.796798 0.012398 -0.502531 0.009134 0.361589 0.630245 -0.268111 0.224927 0.463173 -0.971641 -0.035388 -0.084627 -0.142947 0.652344 -0.373401 0.305260 -1.103530 0.317946 -0.633125 0.692719 0.725503 0.393266 -0.299122 -0.156626 -0.105633 1.186323 0.565461 0.543388 0.450230 0.338149 1.131737 0.090344 -0.195355 0.778522 0.182502 0.772721 1.152984 1.469163 0.430855 1.023721 1.292315 -0.372305 0.719681 -0.423317 -0.504068 0.399400 -0.785218 0.004788 -1.641163 0.031254 -1.072612 0.458086 0.484864 0.144458 -0.669136 -0.540822 -0.466411 1.015854 0.273461
1 0.237749 0 -1.163615 -3.992631 -0.570062 -1.085193 0.724207 -1.529683 -0.203915 5.273537 0.319936 -1.772761 1.317832 0.506992 -3.285863 1.137216 1.127289 -1.572634 -1.638879 -0.179572 1.829578 -0.872686 0.031121 -2.511079 7.711920 1.260905 1.325514 -1.054987 0.170727 1.788697 0.416989 -2.773582 1.158512 -1.893829 -0.575567 -3.846156 0.098622 -0.527826 1.556853 -1.073446 0.587921 6.819803 1.128038 -1.306368 2.245889 1.330718 -3.078400 2.036130 2.032102 -1.110922 -2.187444 -0.561866 1.774923 -1.364083 -0.300543 -3.215380 8.507025 1.066805 1.150643 -1.515032 -0.198310 1.695957 0.215225 -3.643635 0.960054 -2.481207
1 0.374920 0 0.867376 -0.100720 -2.150644 3.661129 -0.260423 -0.618898 -0.591075 -0.173815 2.117955 -0.148001 0.586329 -0.337884 1.930793 0.642835 -0.258658 -2.738987 -1.444648 -0.206980 -0.327380 -0.559045 0.116998 -1.182682 1.181860 2.193117 1.232914 -0.652362 -1.355047 -0.754047 0.984110 -1.270889 -0.007692 -0.375539 1.723913 0.658571 -1.772687 4.994819 0.481450 0.005453 0.064452 0.529841 3.177082 0.591566 1.460054 0.376559 2.971546 1.491815 0.424643 -2.409692 -1.961468 -0.583111 -0.731376 -1.005334 -0.166979 -1.752233 0.980095 2.204669 1.092100 -1.047612 -1.839742 -1.198016 0.788785 -1.836642 -0.338150 -0.814238
1 0.245716 0 0.813596 3.673927 0.495657 0.305492 -0.012714 -2.249437 -0.155489 0.635603 0.253822 2.443915 -3.637403 1.444139 3.079804 -3.478664 0.739897 -1.207034 0.123135 1.093425 -4.430446 -1.486202 3.989469 -2.812383 -2.156065 -0.787777 1.017461 0.199660 -0.785419 1.476094 1.979159 -1.280069 2.540502 -1.825655 1.655927 4.935179 1.355013 1.156519 0.737694 -1.831527 0.518420 1.496765 1.015843 3.555815 -3.412005 2.377595 4.244325 -3.246936 1.599787 -0.599317 -0.229614 0.885116 -5.400971 -2.057196 4.257263 -3.569450 -2.809534 -1.209825 0.815673 -0.102192 -1.226382 1.318833 1.902024 -1.818786 2.547415 -2.447742
1 0.359275 0 -1.202999 0.110101 -0.002309 2.629607 0.452575 0.164965 0.659681 0.289552 0.121109 -1.200308 -1.252693 -0.479450 -0.151175 0.014010 0.808635 0.956031 -0.774221 -1.461213 -0.658505 0.596637 -0.094345 -1.935137 -0.869893 1.952476 -0.728424 0.166864 1.184964 -0.278668 0.161993 -0.476542 0.371821 0.924863 -0.637409 0.886309 0.725450 3.807489 1.269212 0.917356 1.523955 1.083691 0.868291 -0.605970 -0.733205 0.128319 0.660996 0.755503 1.682229 1.843702 -1.244572 -2.024632 -1.124486 0.356042 -0.430196 -2.575702 -1.364383 1.920658 -1.205151 -0.163425 0.998314 -0.669308 -0.128481 -0.870336 0.018530 0.708168
0 0.839345 0 -0.309495 -0.463954 -0.779956 -0.613991 1.452919 0.684191 -0.685914 -0.093312 -0.303606 0.140589 0.138496 0.313471 -1.172466 0.074443 -0.630619 -0.815316 -0.509004 -0.251060 0.554420 1.223118 -0.321733 0.746535 -0.264911 -0.799227 -0.638476 -0.096433 0.197865 0.972101 0.229192 -0.344492 1.172414 1.194212 0.441863 0.278740 -0.033685 0.123842 2.225836 1.445451 0.072348 0.674046 0.454333 0.887501 0.911701 1.079837 -0.419194 0.820276 0.116353 -0.060696 -0.866786 -0.615608 0.202502 0.852390 -0.717286 0.404059 -0.613906 -1.152936 -0.979632 -0.452738 -0.144555 0.594769 -0.113329 -0.684170 0.828240 0.881901
0 0.560888 0 -0.084936 -0.257901 0.166953 -0.142546 -0.815841 -2.462961 -0.226210 0.500269 -0.233146 -1.045015 -0.633489 0.560213 1.421253 0.585573 0.769812 0.694419 0.540917 -0.608701 1.663265 0.085987 -1.186300 -0.439507 0.081871 0.237501 1.195559 -0.720972 0.489299 -0.240130 0.609288 -0.078066 0.125447 -0.551903 0.678374 0.492359 0.899419 0.580912 -0.095016 -1.683104 0.527249 1.249784 0.549246 -0.293520 0.097107 1.329087 2.188160 1.321029 1.506346 1.447094 0.197068 -0.944125 1.329942 -0.254057 -1.518807 -0.805323 -0.262149 -0.144336 0.849524 -1.038271 0.119807 -0.569200 0.261532 -0.435347 -0.221371 -0.901107
0 0.294464 0 -2.772828 -0.489173 1.637564 0.129835 0.550899 0.361533 3.116327 -1.972276 1.153513 0.765011 0.164769 -0.261321 -1.210695 -0.492262 -2.049188 -0.378011 1.974377 -1.275704 3.020439 -0.095733 -0.387478 -3.734440 0.935143 2.770473 -0.787958 -2.152813 -1.032807 1.186202 1.807281 -0.947727 1.102907 -0.635857 -2.019279 0.234606 2.387209 0.904784 1.270183 1.143327 3.933761 -1.185697 1.911716 1.527418 0.899729 0.397835 -0.459987 0.230077 -1.337585 0.411308 1.618823 -1.651110 2.669956 -0.419414 -0.663798 -4.043506 0.583208 2.418741 -1.139951 -2.518607 -1.335357 0.858713 1.470138 -1.259379 0.768699 -0.963408
1 0.269412 0 0.633905 0.079773 1.446838 1.121897 -1.249230 -0.366421 3.220660 -1.512490 0.414229 -1.267069 1.060023 0.128384 0.306041 0.624269 0.553061 -2.032613 2.228201 0.526244 0.830900 -2.594398 0.399805 -2.154429 0.510889 1.187510 1.742123 0.455883 -0.659913 -0.914467 0.559778 -2.280262 -1.084816 -1.914305 1.445017 0.869999 2.345754 2.032041 -0.617906 0.379666 4.465758 -0.972300 1.266968 -0.704249 1.973689 0.893975 1.045857 1.476723 1.328147 -1.586675 2.165221 0.261402 0.677588 -3.317308 0.154701 -2.851299 0.213737 1.018352 1.676628 0.167971 -1.127179 -1.428020 0.309368 -2.958635 -1.576146 -2.531010
0 0.118893 0 0.256918 -3.025876 1.739420 -0.982731 4.671075 2.916157 -1.037460 0.449363 1.600118 -2.831661 0.812394 -3.706085 2.816357 -1.548353 0.937088 0.893552 0.101323 -2.988890 4.197574 2.345697 0.198789 -3.036561 0.090673 -0.279250 -1.103792 -0.071978 -2.281947 1.140402 0.414413 -0.592212 -1.693419 -0.401101 0.998679 -2.231857 2.519296 -0.250612 5.321356 3.658954 -0.271852 1.250728 2.303182 -2.089224 1.551859 -2.948842 3.536979 -0.794154 1.662351 1.578150 -0.256892 -3.239773 3.886903 2.043415 -0.157586 -3.375378 -0.263717 -0.606021 -1.474872 -0.422120 -2.587014 0.770756 0.026096 -0.994120 -2.029980 -0.794610
3 0.250807 0 1.023239 -1.961723 0.895448 -1.427968 -0.520667 -1.189143 0.081869 -0.277962 1.842513 -0.423969 3.170058 1.623129 1.262536 -0.372228 1.298559 -1.305780 -0.574401 -3.800707 -0.935547 -2.078400 -0.338896 2.069339 -0.633306 -0.918011 -0.086558 -2.365420 1.953524 1.073408 0.549569 0.588682 0.133880 1.644932 2.013569 -1.671077 1.812078 -0.944640 0.126287 -0.694622 0.885623 0.423931 2.945422 0.268749 4.548734 2.760167 2.209268 0.349219 2.298872 -0.821286 -1.079536 -4.963226 -1.414605 -2.912635 -0.810525 2.140589 -1.146162 -1.474885 -0.417861 -3.221664 2.043565 0.929094 0.335643 0.354682 -0.133529 1.673118
1 0.804991 0 -1.397848 -0.115447 0.482684 0.153539 -0.725333 0.161054 -1.351274 -0.281146 -0.454957 0.194324 -0.496465 0.015074 0.492349 1.222392 0.158847 -0.865970 -0.751996 0.211961 0.973446 1.461759 0.688920 -0.688027 -0.254033 0.325733 -0.346836 0.982930 -1.077740 0.714184 0.666795 0.043095 0.338832 -0.480847 -0.872744 0.614028 1.320036 0.942518 -0.092464 0.924818 -0.822614 0.412500 0.247886 0.959243 0.151189 0.766702 1.300590 2.165488 0.918919 -0.229520 -1.200917 -0.108852 0.770592 1.332359 0.421966 -1.148234 -0.644927 0.013476 -0.730863 0.765062 -1.598352 0.501513 0.409788 -0.297683 0.040313 -0.922330
1 0.720638 0 0.435330 0.766468 0.529989 0.749682 -0.450901 0.502558 -0.111115 -0.821591 -1.694286 0.057574 0.617236 -0.150892 -1.057705 1.215347 0.379198 -0.538256 -1.027422 0.887047 0.107829 -0.032973 1.055688 -1.570473 -0.460380 1.715788 -0.804978 0.679795 -0.756432 0.200349 0.134036 -1.705814 1.154865 -0.005563 1.243796 1.626125 1.350624 1.603119 0.240775 1.329361 0.614663 -0.199943 -1.205532 0.802091 1.442328 0.607120 -0.480642 2.139102 1.195035 0.141379 -1.489617 0.668627 -0.219669 -0.374695 0.857166 -2.159323 -0.843246 1.606709 -1.306482 0.422256 -1.239864 -0.129697 -0.169431 -2.323014 0.956585 -0.340342
1 0.115551 0 -0.877697 -5.046540 0.532347 -2.611544 4.221606 -2.613087 -0.483756 5.357249 4.666404 -2.018030 -4.828497 -2.467867 -2.471456 4.046270 -3.489587 2.698413 4.216280 -3.255860 7.404382 1.833076 -0.341660 -6.011836 -0.665236 -1.615919 3.414777 3.964813 2.157473 -2.073354 -1.317595 1.784907 -4.309641 0.201166 -0.322531 -5.082115 1.366889 -2.181444 5.586746 -2.235408 0.168194 6.882009 6.167152 -1.583958 -4.803333 -2.058083 -2.096570 5.368922 -3.261797 3.860830 4.455425 -4.156976 8.148521 1.755811 -0.770068 -7.248189 -1.121859 -2.169035 3.552100 4.235479 2.154517 -2.713211 -1.807661 1.776579 -5.313746 -0.080622
2 0.187093 0 -3.258758 0.750432 -2.426613 0.423202 0.151162 0.848440 -0.794038 -0.693117 2.342493 2.748856 -0.282614 3.178183 -0.677704 -1.897245 1.100694 -4.271413 1.602782 1.690004 -1.554021 4.870006 -0.621223 0.601998 -1.876530 -1.757261 -0.767568 -1.643689 0.796739 -2.666780 -1.038138 -1.278351 3.010336 3.389734 -2.213784 1.445508 -1.544796 1.053227 0.901941 1.514516 -0.001269 0.109130 2.842827 3.266372 0.514795 3.682121 0.054473 -1.002973 1.708960 -3.183608 1.076781 1.224031 -1.764885 4.128948 -0.948190 0.152443 -2.097405 -1.970043 -1.039457 -1.875855 0.401532 -2.847310 -1.287402 -1.549210 2.376735 2.719018
0 0.393053 0 2.095036 -3.234158 2.601947 1.139731 0.542931 1.087841 -2.640440 -0.915621 0.982401 -1.214864 0.857125 -0.761028 -0.361648 0.093256 1.833300 0.361387 -1.046426 -0.002234 -0.560392 0.673754 0.083445 -0.144686 -0.756204 -0.103577 -1.607069 -0.603710 0.350231 0.687658 -0.445880 0.482945 0.088692 0.436253 2.870336 -2.473501 3.304899 1.885586 1.289487 1.780252 -1.896800 -0.148219 1.754861 -0.441906 1.583220 -0.018518 0.356146 0.856285 2.621576 1.045434 -1.396308 -0.357776 -0.883208 0.343381 -0.289307 -0.485359 -1.059357 -0.415897 -2.000265 -0.975837 0.002997 0.321696 -0.868707 0.153033 -0.243216 0.086686
1 0.387957 0 2.055954 -1.105417 -0.543495 -0.947501 0.569344 -0.686378 0.006010 -0.654612 -1.365859 0.565443 -0.888330 -1.954064 0.193454 0.730870 -1.537711 -1.783859 -0.258863 1.218902 2.580051 0.346268 -2.304133 -1.718616 1.908651 1.796038 -1.782994 0.610711 2.346958 0.707873 0.894575 0.713652 -0.725702 1.012779 3.139979 -0.498716 0.166103 -0.363065 1.393259 -0.060727 0.829776 0.007499 -0.810724 1.371525 -0.263967 -1.508704 1.019409 1.594482 -0.986123 -1.255902 -0.660096 1.020489 2.693807 0.071499 -3.012496 -2.340978 1.834703 1.756876 -2.438628 0.330738 2.313852 0.481905 0.688149 0.460467 -1.189107 0.800569
3 0.674796 0 0.150455 -0.288938 -1.340684 -1.430503 1.133607 -0.545617 -1.429782 -0.341014 1.667746 0.294139 0.443855 -1.393269 -0.938940 0.684444 -0.436546 -0.492548 1.161561 -0.844232 0.515686 -0.567758 0.515225 1.604759 1.229914 0.290208 0.821888 1.095540 -0.127668 -1.063631 1.044804 0.305277 -0.742514 -0.975463 0.945650 0.400562 -0.869272 -0.933338 2.064684 0.131045 -0.979146 0.338762 2.762204 1.106986 1.322173 -0.953702 -0.386518 1.554362 0.210991 0.173562 1.024280 -1.331403 0.286570 -1.060148 0.262199 1.586883 1.104556 -0.001061 0.605287 0.948647 -0.493965 -1.655438 0.931156 0.029651 -1.267815 -1.527075
3 0.675993 0 -0.311256 -0.334273 -1.108938 -1.802462 -0.553178 -0.216246 0.848896 -2.481306 0.914710 1.285721 -0.395360 -1.420815 0.553746 0.743078 1.355670 0.137317 0.370932 0.254721 -1.090662 1.159796 0.252428 -1.355302 1.933799 1.067293 0.502453 -0.612741 -1.067143 -0.461027 0.891614 -0.081047 -0.147453 1.167034 0.391539 0.378238 -0.584320 -1.403063 0.129739 0.499857 1.794309 -2.238651 1.854733 2.302632 0.266715 -0.936827 1.401163 1.638434 2.332692 0.913403 0.119959 -0.050267 -1.666102 1.019445 -0.015670 -1.983574 1.956270 0.942222 0.254586 -1.108841 -1.610500 -0.918410 0.723602 -0.453100 -0.550035 1.065232
2 0.167194 0 2.568369 -1.023166 1.791347 -2.083406 0.983875 -0.346636 -6.873610 2.328188 2.783421 -4.034653 0.610876 -3.508298 2.347356 5.338639 -1.544266 -0.302378 3.662906 -5.157854 -1.893181 0.390707 3.223253 -0.831179 -1.283397 -1.298256 -2.905885 4.083447 -1.361580 0.748217 3.169026 1.347908 -1.180702 0.250910 3.122570 -0.226162 2.424365 -1.241387 1.694716 0.443721 -5.600625 2.874077 3.300767 -2.994579 1.344134 -2.517619 2.815493 5.608719 -0.671288 0.487442 3.012513 -5.133671 -2.136906 -0.042465 2.630462 -1.111163 -1.552574 -1.562865 -3.061810 3.444461 -1.559681 0.310979 2.530484 0.858747 -1.404708 -0.079939
0 0.163652 0 -3.299960 -2.579125 -0.864619 -2.058270 -1.368691 -4.017384 0.927582 0.560789 1.003268 -0.787442 1.116708 4.379571 -3.505912 4.619037 3.303378 0.478553 0.936182 -1.235351 0.610590 -4.847162 -2.936183 -3.082796 4.876328 1.977292 0.612320 4.224709 2.571293 -0.149464 -0.973156 -1.847337 1.657924 -0.302672 -2.582061 -1.840992 -0.091788 -1.344785 -0.598393 -3.282604 1.709342 1.335232 1.782462 -0.052882 1.848509 5.091447 -2.738299 5.364355 4.030582 1.226147 0.594782 -1.661686 0.251357 -5.214086 -3.282081 -3.515230 4.489767 1.588403 0.289206 3.840566 2.266151 -0.443116 -1.346702 -2.164919 1.385110 -0.703267
1 0.129846 0 3.568240 2.183444 -0.035083 2.306587 3.933206 2.755949 -3.663153 -1.171337 0.354620 -5.509217 4.296976 -1.996012 -2.291074 -1.902483 4.810470 4.089442 -12.496917 -2.564182 -0.082027 -0.499298 2.482131 0.953100 5.361800 1.536276 3.408045 -0.230009 -0.866484 -1.801169 -6.289326 0.350292 -2.385711 1.392906 4.825221 3.240474 0.681943 3.415812 5.237813 3.909795 -3.470348 -0.620968 1.132203 -5.658874 5.601425 -1.508038 -1.858981 -1.458039 6.261068 5.507678 -14.723881 -3.246458 -0.455159 -0.844217 2.529179 0.806914 5.875389 1.395719 3.563316 -0.646414 -1.331838 -2.443613 -7.595796 0.108778 -3.081842 1.178221
0 0.222330 0 -3.071510 4.370273 2.585315 0.544777 0.322560 -0.160640 -2.376663 -2.202416 -0.294533 1.497370 -1.341631 1.881593 0.687357 -0.443720 0.214168 2.192841 -1.021492 -0.860056 -0.144970 1.845867 -3.680910 -1.452553 -1.608624 -2.520932 0.294985 -0.456630 2.326024 -1.951605 -1.003152 3.293432 1.149322 1.386152 -2.386205 5.131330 3.313385 1.240153 1.097967 0.605891 -1.635381 -1.545452 0.445071 2.205153 -0.566803 2.618074 1.401861 0.363834 0.976427 2.858966 -1.366706 -1.207070 -0.551402 1.459154 -4.022398 -1.844261 -1.976514 -2.892775 -0.031398 -0.777600 1.982449 -2.287899 -1.338747 2.948844 0.812972 0.953996
1 0.647528 0 -0.568976 2.600964 0.701740 0.363061 0.913386 -0.524830 -0.270360 0.534849 -0.718996 -1.506029 -1.114045 0.729548 0.546184 -2.012446 -0.539251 -0.547304 0.004121 0.539315 0.073495 0.781486 0.205580 0.686628 0.816970 0.867463 -0.073951 0.407777 -0.928159 0.935752 -0.977631 -0.673957 -1.400618 0.148237 0.103737 3.749246 1.542433 1.155567 1.801037 0.124309 0.433505 1.373915 -0.110568 -0.998540 -0.529977 1.570437 1.377408 -1.563211 0.107112 0.103454 -0.341437 0.262676 -0.286434 0.549464 -0.121469 0.436633 0.598583 0.671802 -0.416955 0.125332 -1.412497 0.736720 -1.475332 -1.136818 -1.984974 -0.173024
1 0.573116 0 -1.491843 1.080677 -0.669237 1.092136 0.157547 0.019314 1.174144 -1.443433 -0.426237 1.682707 1.064982 -0.758418 -0.844120 -0.248792 1.114859 -0.910362 0.344268 -0.140747 -1.373830 -0.789134 0.164435 0.285916 0.318413 0.298931 0.536156 -0.290325 -1.599316 0.735563 -0.084797 -0.082059 -0.605885 1.688487 -0.937992 1.999702 0.008771 1.988412 0.934962 0.748417 2.101607 -0.921681 0.286577 2.682702 2.002221 -0.141695 -0.205164 0.473446 2.048295 -0.309408 0.026438 -0.517533 -1.914973 -1.265995 -0.196329 -0.034154 0.050589 -0.003030 0.269940 -0.662938 -2.175271 0.490112 -0.455663 -0.438589 -1.030180 1.618465
3 0.244737 0 -0.336454 1.094311 2.312509 -0.923844 1.771568 1.438017 0.006915 4.447671 5.916419 -1.840704 -1.031605 2.101728 -1.003714 0.580468 -3.260736 1.436183 -1.847852 0.725726 -1.833906 -0.869436 1.132229 -2.961094 -0.496458 -0.985098 -1.097656 0.751600 -1.782194 1.392172 -1.771301 1.809787 -3.003301 -1.871951 0.408355 2.070969 3.535571 -0.457872 2.827594 2.436083 0.758919 6.091246 7.811467 -1.440265 -0.453883 3.320490 -0.448350 1.441810 -3.171610 2.421651 -2.643587 0.484122 -2.563518 -1.414714 1.033393 -3.921333 -0.921712 -1.490067 -1.675383 0.529935 -2.517178 1.307992 -2.510448 1.862341 -3.934545 -2.611276
3 0.279667 0 -1.708171 -0.791026 1.121025 0.920402 0.824229 4.220463 -1.140240 0.313569 -1.850924 2.572853 -1.734564 1.516316 2.224953 0.524327 -0.909900 0.194327 2.402962 0.162411 -1.823589 -1.170591 -2.832084 0.827325 -1.485344 -0.292991 0.671946 1.422001 -3.878162 -0.773992 -2.405715 -0.313933 2.258384 0.933734 -1.291028 -0.168462 2.106097 1.850388 1.741675 5.828707 -0.532078 1.101697 -1.481351 3.806779 -1.311103 2.593941 3.425303 1.386289 -0.320670 1.003884 2.513795 -0.158741 -2.560826 -1.670214 -3.787497 0.631128 -2.080014 -0.716840 0.476211 1.362563 -5.019570 -1.286838 -3.221512 -0.748962 2.379857 0.725285
1 0.102128 0 4.773295 1.909830 -4.110826 5.089093 -3.806815 -5.166551 2.005561 1.402998 0.018339 -7.278759 -5.579517 3.150957 -1.635947 2.478863 1.392516 1.606398 1.462349 -3.877612 -0.693965 -1.187990 0.884587 0.785790 2.275452 3.652621 0.649750 2.183010 -1.825750 -5.396884 -6.390534 -0.087763 7.583211 3.734291 6.274783 2.956506 -3.993436 6.603222 -3.622401 -5.184385 2.961120 2.397062 0.775952 -7.617417 -5.695338 4.364118 -1.065930 3.584836 2.391131 2.576515 1.312340 -4.773794 -1.139653 -1.720398 0.613178 0.675604 2.204976 3.823911 0.406490 2.205354 -2.474469 -6.532747 -7.696106 -0.392481 8.370565 3.964334
3 0.215808 0 -0.126326 -4.599724 -4.139189 0.892855 0.355125 1.590250 -0.711354 0.010540 3.015897 0.287502 0.070412 0.960475 -0.240506 -0.972753 -3.193751 -1.558116 2.140718 0.002238 0.790772 0.747317 2.836408 -1.141849 1.087953 -2.038261 0.610058 4.009203 -0.266505 3.073177 -1.597314 -1.301985 -2.124772 1.531506 0.609998 -4.776990 -4.200594 1.821158 1.138213 2.648634 -0.135770 0.721917 4.392080 1.054161 0.844678 1.831220 0.479291 -0.425398 -3.039816 -1.138500 2.177363 -0.374078 0.650835 0.568109 3.089267 -1.672204 0.944419 -2.818077 0.359914 4.430265 -0.723084 3.396435 -2.288264 -1.874100 -2.916405 1.526051
1 0.619694 0 0.476070 0.418758 -0.638330 0.987649 -0.506039 -0.491734 1.340600 0.664889 -0.101612 1.254660 0.978530 -0.888376 0.043433 0.334135 -1.017235 -0.220734 -0.288816 0.890673 0.886802 1.314992 0.452037 0.332093 0.772286 -0.126065 0.365296 -0.863696 -0.363409 -0.784251 -0.782604 -1.076738 -1.671392 -1.691872 1.292145 1.257497 -0.029924 1.876908 0.145988 0.156114 2.288163 1.538698 0.647685 2.152612 1.884114 -0.271876 0.777312 1.157017 -0.456251 0.509678 -0.672472 0.708488 0.671518 1.169869 0.201323 0.052729 0.542649 -0.495933 0.074351 -1.346839 -0.781498 -1.210843 -1.269913 -1.559098 -2.280048 -2.288660
0 0.675445 0 1.307546 -0.365165 -1.248599 0.741354 -0.668362 1.065046 0.784184 0.982800 0.432032 0.758700 -0.724359 -0.120551 0.836390 -1.538095 -0.885540 -0.386968 -1.742192 1.473683 0.143666 0.620241 0.597091 0.256410 0.280252 -0.240156 -0.062647 0.110309 -0.525097 -0.113533 -2.038088 0.792264 0.039314 -0.561931 2.066124 0.401831 -0.515336 1.465156 0.062738 1.772206 1.529370 1.730891 1.200192 1.516780 0.025403 0.615683 1.616371 -0.777527 -0.149128 0.342120 -2.092715 1.076057 -0.206683 0.255683 0.211869 -0.088770 -0.086005 -0.586398 -0.416776 -0.248992 -0.923998 -0.500678 -2.370419 0.438082 -0.273511 -0.871210
1 0.166364 0 -0.934003 -1.001831 0.571006 -1.828573 -1.985206 2.847663 -2.322692 -3.230233 1.580507 -3.191574 4.086012 -2.422877 2.703062 1.050949 1.076396 -2.068236 2.647787 0.883305 0.793795 -1.847762 -5.006683 2.858987 1.516137 -0.962668 2.425095 -1.678020 -1.558825 2.894775 2.167936 -1.990060 1.535553 0.390276 -0.323558 -0.349110 1.401171 -1.373263 -1.520856 4.035925 -1.935235 -2.976516 2.578433 -2.908441 5.483749 -2.003374 3.885559 1.881364 2.012386 -1.627231 2.720181 0.710994 0.559897 -2.438109 -6.158418 2.937436 1.373368 -1.451848 2.441554 -2.238823 -2.087766 2.982867 2.117327 -2.650002 1.347210 0.126839
2 0.388305 0 0.989791 0.570612 -0.153030 0.964325 -0.146220 -1.148376 -0.969983 -0.999209 -0.804889 1.359886 0.123563 -1.788984 -2.015351 -1.838630 -0.317880 0.297736 1.418502 -1.058861 -0.423528 2.713708 0.326480 0.416550 -0.629269 1.206562 -0.573823 2.010061 -0.030227 -1.868060 0.223211 1.951965 -0.284547 0.477914 1.637298 1.290852 0.630378 1.575655 0.658503 -0.304032 -0.149670 -0.149563 -0.018753 1.990141 0.877527 -0.969982 -1.137622 -0.914212 0.446023 1.042414 0.998609 -1.296098 -0.742160 2.167517 -0.020988 0.001623 -0.900339 0.760891 -0.853432 1.494357 -0.351480 -2.075017 -0.145584 1.418333 -0.629411 0.098371
2 0.200215 0 0.842326 0.780007 -3.505851 0.079404 -2.776390 1.842752 1.479398 -0.042132 0.558958 -1.782058 4.060272 -0.480220 0.886331 -0.737324 3.207197 -2.895922 -1.832822 -1.463500 -2.330954 0.985863 0.975653 0.907231 -1.475453 1.620932 2.096824 -0.414024 -0.342764 0.320625 -2.779487 1.414365 0.416737 0.384025 1.540059 1.448354 -2.506848 0.836962 -1.828804 2.463718 2.159381 0.728059 1.324260 -0.880497 4.513152 0.335025 1.588064 0.076467 3.727812 -1.957121 -2.048219 -1.670727 -2.458549 0.554172 0.501694 0.543599 -1.723533 1.169976 1.536916 -0.729525 -0.645202 -0.073341 -2.932199 0.969501 0.002847 -0.037792
2 0.330820 0 -0.534735 -0.831096 -1.727963 0.926651 0.394050 -1.353281 -1.811606 5.244559 0.261956 -0.598851 -1.338532 1.211676 -2.113255 0.286505 -1.505025 0.668431 3.273155 -1.961804 -1.660931 1.066643 2.109700 -0.481958 0.642429 0.615621 0.462725 -0.448282 -0.669503 -0.144228 3.406994 -0.405437 -0.832677 -2.151931 0.234090 -0.088817 -0.816758 1.643435 1.069548 -0.462869 -0.952514 5.560245 1.014208 0.213128 -0.431059 1.873017 -1.155578 1.060365 -0.653369 1.364647 2.714782 -2.155545 -1.831012 0.638363 1.556435 -0.800468 0.262204 0.178947 0.059887 -0.806689 -0.959416 -0.459520 2.816251 -0.683483 -1.114052 -2.359945
2 0.784549 0 -0.548187 1.078430 0.539659 0.398153 1.097241 -1.417597 -0.181796 -0.653014 1.087241 0.607975 -0.668241 0.080076 0.489249 0.111696 0.443758 0.173405 -0.102343 0.065543 -0.615810 -0.428851 0.262533 -1.061473 0.335434 0.064480 0.233365 0.975087 -0.780865 -0.243815 -0.078001 0.042528 -0.772624 -0.533236 0.217284 1.764592 1.257176 1.081802 1.744896 -0.569507 0.586511 0.161839 1.765553 1.290481 0.169783 0.833995 1.213949 0.847891 1.143605 0.929270 -0.431215 -0.271503 -0.907732 -0.739088 -0.082119 -1.337260 -0.039209 -0.290124 -0.149810 0.543105 -1.050281 -0.563847 -0.414140 -0.313298 -1.075316 -0.857022
0 0.614718 0 -0.523194 0.188331 1.326861 1.048471 0.940557 -0.960377 1.333238 -1.082142 0.025847 -0.003740 -0.305287 -0.287194 -0.350464 -0.128792 0.073229 -0.416613 0.397154 1.480441 -0.035528 0.088949 -1.801658 0.548982 0.112232 -0.140826 0.221460 -0.025890 0.147651 0.307833 -1.630974 0.173760 -0.805611 0.083295 0.216053 0.912231 2.084698 1.770194 1.699904 -0.201092 2.096893 -0.311376 0.749324 0.763631 0.448011 0.457419 0.425061 0.625402 0.829645 0.375527 0.044255 1.101824 -0.418972 -0.271193 -2.173657 0.201061 -0.231141 -0.474695 -0.131578 -0.385053 -0.180641 -0.046547 -1.965740 -0.224051 -1.166235 -0.262930
3 0.186793 0 -0.670514 2.156797 0.984220 -4.189357 1.570250 -1.335105 2.298275 0.459701 -1.190446 -2.743496 -1.222668 0.871856 -5.497838 0.804636 0.464607 -1.406146 -2.212051 -0.049772 1.212105 -2.171151 1.479196 0.493442 0.405819 -1.823222 4.011161 0.217956 0.655392 0.821011 1.051522 2.827044 0.916165 0.810610 -0.070439 3.389143 1.914757 -4.301794 2.649757 -0.864377 3.492948 1.320445 -0.692957 -2.559719 -0.694469 1.816167 -5.846726 1.734061 1.320713 -0.953310 -3.036194 -0.445204 1.116604 -2.995930 1.397657 0.320247 0.155360 -2.551137 4.512723 -0.065067 0.433172 0.660570 0.908198 3.075758 0.729906 0.630949
2 0.358481 0 -3.258789 0.707278 1.277966 -1.756750 -2.111506 2.266685 -0.065694 0.861680 -1.945492 0.631219 -0.849832 0.291874 0.162188 -0.057909 0.363245 -0.371820 -0.527296 -0.362239 1.021021 1.116177 1.106653 -2.991343 -1.319293 3.248299 -2.104894 3.885399 -0.665234 0.125738 1.036394 -0.046754 0.036889 0.296139 -2.269794 1.435585 1.956825 -0.866569 -1.216242 2.841369 0.679532 1.523477 -1.031882 1.312929 -0.021830 1.064973 0.967364 0.698858 1.109220 0.411007 -0.792653 -0.632322 0.616695 0.632081 0.682222 -3.165694 -1.537261 2.679947 -2.289930 3.247988 -0.923046 -0.249734 0.602201 -0.410791 -0.339918 -0.084762
2 0.302776 0 2.101901 0.403763 0.431906 -1.276017 1.937984 1.205495 1.003090 -1.624937 -0.293024 0.126556 -0.858822 0.461085 -1.441967 2.750717 0.982629 -4.761536 -1.138022 1.152559 -2.427907 -2.105642 -0.590516 0.896805 1.964442 -1.354406 -0.402284 1.461052 -0.100957 -0.688459 0.739313 1.069865 1.137900 -0.762566 2.698744 1.160070 1.131812 -0.400974 2.546698 1.911779 1.692774 -0.783828 0.459957 0.904999 -0.029701 1.208181 -0.627034 3.310161 1.589644 -3.635440 -1.398933 0.693567 -2.525325 -2.243440 -0.918874 0.492566 1.464920 -1.638935 -0.676086 0.965856 -0.343519 -0.976589 0.270849 0.631271 0.690131 -1.087266
0 0.146092 0 -1.832677 -4.854599 -2.685157 0.678457 -3.586884 -1.321202 -1.868744 2.197564 1.707172 -1.190341 6.320660 0.494082 -1.528386 1.552417 -1.602743 0.084109 0.612723 -2.226984 1.428953 2.400793 -3.076666 -0.661207 -1.962339 0.977425 0.443234 -0.712179 -0.798874 2.135258 2.239072 1.757880 4.309498 0.569687 -0.998501 -4.104563 -1.891770 1.415190 -2.880630 -0.545509 -1.073321 2.982482 2.451427 -0.427146 7.064519 1.267958 -0.844589 2.243284 -0.874112 0.847421 0.243052 -2.578696 1.067205 2.033749 -3.354842 -0.973208 -2.322980 0.652383 0.070989 -1.049222 -1.157241 1.793278 1.820962 1.408370 3.937060 0.269190
0 0.732094 0 -1.706963 -0.189325 -1.061495 0.475397 0.312592 -0.520409 -0.334332 -0.599050 -0.824077 -0.669987 0.049349 1.252402 0.695109 0.035144 -0.431243 -0.590883 0.429548 -2.331732 0.094478 0.138430 0.089247 0.557997 -0.902517 -0.466307 0.738442 0.164080 0.690467 -0.032998 1.556952 1.314509 0.836645 1.230531 -0.967962 0.570372 -0.303162 1.208441 1.050281 0.253025 0.438786 0.150239 -0.078708 0.081145 0.815872 1.986761 1.465397 0.799041 0.332339 0.162098 0.070810 -2.690267 -0.231534 -0.222682 -0.254268 0.193638 -1.273622 -0.801914 0.361793 -0.197059 0.334307 -0.370771 1.220658 0.978855 0.487572 0.881189
0 0.627594 0 -0.351379 -0.383661 -0.892011 1.046531 0.222812 -0.062193 0.443702 0.388251 0.115231 -0.370465 0.182075 0.704329 0.075409 1.057562 0.253629 -0.476907 -1.625988 -1.255951 0.785615 -0.805502 -0.425659 -1.226693 -0.115826 0.400301 0.486212 0.595072 0.179674 -0.410911 -0.575144 0.361652 1.219673 0.460559 0.441767 0.354054 -0.108088 1.805282 0.944429 0.664653 1.199388 1.181322 0.826852 0.356457 0.913968 1.444232 0.833653 1.814693 0.972483 0.294521 -1.992335 -1.570831 0.448761 -1.148046 -0.807933 -1.608003 -0.468705 0.023837 0.155668 0.232262 -0.206144 -0.727773 -0.933616 0.024772 0.855145 0.125054
3 0.366978 0 0.964054 -0.323269 1.275566 -1.010793 1.166635 -0.160089 -1.532110 -3.837942 -1.492281 1.869222 -2.486176 0.943041 -0.127401 -0.404696 -0.224781 2.106464 1.309373 1.568040 0.124610 -2.115629 -0.324671 -0.534397 -2.295814 1.156529 -0.734577 1.607578 0.179699 1.867822 0.252598 0.779046 0.122539 0.311808 1.884996 0.409076 2.331846 -0.517803 2.138209 0.532989 -1.133417 -3.869672 -1.014879 3.036662 -2.202325 1.810664 0.563479 0.236656 0.470702 3.305956 1.172379 1.507417 -0.183074 -2.875573 -0.785797 -1.003150 -3.110431 1.058370 -1.165561 1.581193 -0.088126 1.893457 -0.085454 0.640768 -0.155483 0.043221
2 0.176719 0 -1.007507 -3.537129 2.308655 1.604950 1.227969 -1.594762 0.672008 0.807024 0.193866 0.012751 5.735509 -1.064734 2.442939 -2.125103 -0.076921 3.230682 -1.774016 -0.266542 -0.310871 0.181537 3.434458 -1.604075 1.636439 -0.869439 -1.433480 -3.204334 -0.227045 0.070298 -3.608270 0.668219 1.274725 -2.797800 -0.151509 -2.475087 2.878331 2.248464 1.854885 -0.670936 1.382785 1.451024 0.890486 0.778860 5.948008 -0.192524 3.008053 -1.160247 0.700084 3.757762 -1.973876 -0.621885 -0.649900 -0.198117 2.760917 -1.831465 1.187239 -1.129407 -1.678003 -3.266077 -0.547416 -0.255928 -3.675564 0.269497 0.827382 -2.912072
0 0.257795 0 -0.342697 0.001587 -3.113401 -1.389532 4.736065 -0.404765 -1.104928 -4.312787 -0.339750 2.490026 0.653075 -0.503332 0.721438 1.943771 -0.586867 0.673821 -0.558616 0.728445 -0.498981 -0.874384 2.888127 1.050903 -0.766394 -1.244657 1.477508 -3.278297 0.569538 0.285065 -3.946335 0.848241 1.898366 2.299747 0.354605 0.758698 -2.321664 -0.673145 5.484941 0.340147 -0.372492 -3.525384 0.421050 3.289756 1.394342 0.260710 1.464428 2.687739 0.193546 1.449507 -0.954455 0.377216 -0.870925 -1.202338 2.560626 0.804160 -1.120539 -1.592802 1.166131 -3.662198 0.271870 -0.105383 -4.281850 0.513467 1.488949 1.906874
2 0.161558 0 -0.291042 4.585113 -3.476453 -3.256127 3.931442 -0.652783 4.251845 0.028865 -3.232772 -1.598269 1.415144 -3.329589 1.861139 -1.494301 -0.859789 4.107596 0.854031 -2.467240 -1.851109 5.110151 2.099891 2.053943 -0.031359 -1.790125 -0.250706 -1.399622 0.339332 2.888924 -5.753822 -3.651820 3.419953 -1.560440 0.544501 4.953101 -2.451391 -2.294043 4.367616 0.168759 4.700911 0.794956 -2.254520 -0.683647 2.011436 -2.288250 2.457729 -0.594998 -0.088446 4.497858 0.457910 -2.567168 -2.045370 4.339772 1.610407 1.582257 -0.362951 -2.023680 -0.540636 -1.619505 -0.046078 2.319019 -5.656566 -3.767596 2.800036 -1.728539
1 0.642448 0 -1.095875 -0.809385 -1.059394 1.358611 -0.545880 1.145458 -1.747937 0.476085 -1.045778 -0.407316 -0.012203 -0.008905 -0.161993 0.654561 -0.328034 2.257166 1.059080 -0.446573 -1.054661 0.610837 -2.085696 -0.545570 1.453856 0.611705 1.506068 0.729444 -0.370445 -0.209055 -0.344304 -0.074694 0.279540 0.211289 -0.504346 -0.218247 -0.472880 2.336075 0.133320 2.074328 -1.253638 1.289555 -0.458790 0.299864 0.726324 0.726685 0.592012 1.478934 0.361527 3.373473 0.854135 -0.851985 -1.560737 0.366630 -2.741619 -0.974635 1.306677 0.335808 1.375144 0.496225 -0.772197 -0.574682 -0.757733 -0.401129 -0.043086 -0.105057
1 0.688852 0 1.393219 -0.659567 0.837613 0.874529 -0.224879 0.213231 0.308330 -0.173689 -0.453578 -0.718530 0.590775 -0.033108 -1.342438 0.336337 -1.674401 1.501527 -0.141581 0.208959 -0.397169 0.502938 -1.563923 -0.283606 0.273720 0.242162 -0.153986 -0.530864 0.127178 0.594614 1.150180 -0.755784 0.310313 -0.358521 2.356546 0.005125 1.748548 1.754671 0.500114 1.027195 1.098865 0.565066 0.215835 -0.130804 1.406641 0.683386 -0.826944 1.153141 -1.166163 2.459447 -0.473924 -0.113489 -0.823559 0.202130 -2.167799 -0.663449 -0.052359 -0.076703 -0.536193 -0.950872 -0.212651 0.317531 0.954728 -1.248782 0.008580 -0.767782
