32 60
1 0.282286 1 -1.420846 -0.289269 3.346780 1.661452 -1.706714 3.016995 -2.644220 1.715693 -3.094590 -1.867878 0.088135 -1.037212 1.853498 -0.669749 0.247952 -0.154956 1.796359 -0.420442 -1.267926 -1.397418 1.742215 0.276943 -0.329729 -0.785021 1.867263 -0.039825 0.076560 -1.208743 2.461024 1.860315 -0.782373 -2.894274 -0.808111 0.422841 4.600117 2.537704 -1.299259 4.217252 -2.363933 2.675941 -2.709534 -1.469168 0.912854 -0.399813 3.034501 -0.126150 1.042140 0.546704 1.690909 -0.942242 -1.795878 -1.997839 1.681507 -0.014390 -0.737600 -1.377867 1.854444 -0.573393 -0.389072 -1.832151 2.491067 1.690568 -1.258595 -3.771070
1 0.766613 0 0.758537 0.423330 0.107157 0.704836 -0.247825 0.562076 -0.779479 -0.645825 -0.872478 -0.187717 0.928310 -0.176350 1.329500 -0.146468 -0.022121 -0.962383 -0.591725 -0.210854 0.217628 -1.034066 0.240834 0.043099 0.440718 0.177103 -0.119975 0.840671 -0.510007 0.095554 -0.354290 0.885647 -0.886230 -0.007206 1.614574 1.262618 0.881065 1.574137 0.432624 1.427342 -0.160877 0.024304 -0.260256 0.524288 1.796718 0.539525 2.263305 0.564933 0.721902 -0.370509 -1.010482 -0.600351 -0.105121 -1.545059 -0.104571 -0.287481 0.158315 -0.127398 -0.487315 0.630799 -0.956090 -0.184930 -0.775948 0.665626 -1.349601 -0.353819
3 0.708323 0 -0.985057 0.842298 -0.697738 2.009855 -0.630780 -0.563177 0.010314 -2.932251 0.738468 -0.246043 -0.442945 0.431466 0.934637 -0.023271 -0.251273 -0.200488 -0.776276 -1.103242 -0.068879 -0.619505 1.026178 -0.269250 0.369715 -0.768797 0.126834 0.911602 0.824722 -0.701039 -0.581144 0.790480 1.220257 1.624330 -0.464894 1.742649 -0.093091 3.187753 0.035744 0.083884 0.772361 -2.759067 1.618987 0.462877 0.247651 1.254556 1.864454 0.728381 0.436606 0.507120 -1.286854 -1.651954 -0.450771 -1.106019 0.879411 -0.675527 0.082236 -1.275279 -0.152954 0.695581 0.610336 -1.216893 -1.053972 0.582026 1.089038 1.642422
1 0.588485 0 0.556831 0.566567 -0.353361 -0.206996 0.071706 -1.486667 0.887204 -2.192048 0.538023 0.222951 -1.051201 0.568747 -0.196859 -0.953976 0.934676 1.616409 0.529040 -1.432594 0.258885 0.427507 -1.007655 -0.830584 1.245473 -0.538923 0.321889 -0.473520 0.193610 -0.667405 2.092455 -0.010460 -0.646487 1.016765 1.386822 1.410383 0.359514 0.528222 0.841610 -0.962323 1.748121 -1.777316 1.345081 0.987011 -0.486552 1.438047 0.535672 -0.354017 1.845370 2.591699 0.268985 -2.001830 -0.041868 0.153939 -1.516953 -1.318798 1.107858 -0.967490 0.057376 -0.887241 -0.125555 -1.119155 2.065451 -0.341883 -1.107068 0.819958
1 0.751451 0 -0.404326 -0.912462 -0.446304 -0.785103 -0.542923 0.522126 0.148399 -0.487656 0.368737 -0.164909 -0.183261 0.890021 0.156047 0.257844 0.357220 -0.065440 -0.143119 -0.663634 -0.216905 0.277864 -0.142800 0.516877 0.670374 1.662540 0.100890 0.719847 0.021946 -1.112069 -0.680073 0.299873 -0.114393 0.094769 0.274734 -0.338878 0.237390 -0.138525 0.139166 1.352072 0.916932 0.187819 1.190399 0.552157 0.516364 1.771241 0.961814 1.004260 1.157127 0.674427 -0.529744 -1.158776 -0.608205 -0.046613 -0.537144 0.234438 0.404272 1.570245 -0.240005 0.492067 -0.312606 -1.655838 -1.170329 0.006123 -0.456177 -0.252573
1 0.172572 0 -4.412937 -0.672796 2.386361 3.509444 -0.524643 -0.626354 0.231922 1.255747 1.682640 -0.178140 -1.001077 -0.837769 0.938579 -6.242426 2.371393 -3.323928 4.747473 -1.464236 2.483686 3.224434 -1.628517 -2.285806 1.498659 -1.973090 1.669971 -2.813310 -0.833444 -0.340799 7.351566 -1.604514 -0.036712 -2.551377 -4.329311 -0.019653 3.431096 4.783255 0.100797 0.080352 1.033193 2.210729 2.681078 0.606228 -0.349753 -0.222781 1.833984 -6.420620 3.572273 -3.029940 5.138477 -2.029475 2.490611 3.354100 -2.267640 -2.913914 1.372174 -2.594052 1.632499 -3.647980 -1.297555 -0.749207 8.120203 -2.157586 -0.424065 -3.306227
3 0.876410 0 0.321210 -0.144356 -0.316074 -0.332937 -0.437122 0.643237 0.235494 -0.232944 -0.951163 0.189800 0.952726 0.058592 -0.452182 -0.788521 0.130462 -0.192342 -1.199081 -1.037228 0.311772 0.979915 -0.210749 -0.146106 0.520074 1.174935 0.960389 0.001783 0.125990 0.316139 -0.167307 -0.476712 0.671226 -0.508917 1.165397 0.567754 0.379892 0.368766 0.218467 1.532223 1.017353 0.464490 -0.380339 0.981431 1.905742 0.816368 0.228200 -0.187235 0.900383 0.527257 -1.778548 -1.562544 0.030935 0.832097 -0.616705 -0.514899 0.275582 1.059705 0.789954 -0.344210 -0.208874 0.018168 -0.542172 -0.929118 0.459971 -0.957171
1 0.658205 0 -0.266110 -0.583725 -0.297892 -0.391443 0.137352 -0.247738 0.021021 -0.253773 -0.612709 0.740339 1.468641 -0.095076 -0.047852 0.507162 0.179666 -1.302766 0.311960 0.152735 -0.380064 0.965063 -0.144314 -0.759785 -0.245945 0.052091 -1.444733 1.394330 -1.006843 0.146147 1.172416 0.598637 0.294854 -0.061643 0.433624 0.057768 0.415385 0.306656 0.918022 0.462618 0.781026 0.462965 0.023776 1.607870 2.425808 0.665031 0.719567 1.344703 0.952688 -0.774151 0.007143 -0.183300 -0.785875 0.760600 -0.517769 -1.245675 -0.639423 -0.275660 -2.023289 1.239148 -1.482698 -0.197034 1.049973 0.331194 0.010525 -0.437021
3 0.597765 0 -1.169382 -0.352495 1.302935 -0.109240 -1.555778 0.294183 -1.275271 0.842007 0.169698 0.375766 -0.581359 0.282051 0.038591 -1.559878 0.116758 -0.823348 1.228575 0.658134 0.420105 0.466683 1.383949 -0.891493 -1.457430 0.410758 -0.205201 -1.559107 0.775265 -0.622834 1.731155 0.603861 1.113478 -0.051136 -0.643431 0.262232 2.354382 0.587323 -1.145498 1.126603 -0.736704 1.772501 0.944781 1.176511 0.008229 1.065562 0.789699 -1.095582 0.904069 -0.256171 1.139178 0.431948 0.178068 0.199218 1.288883 -1.424640 -2.089261 0.174028 -0.622530 -2.247017 0.614309 -1.102024 1.749649 0.354604 0.966296 -0.379650
1 0.667941 0 -1.409782 -0.527549 1.120780 -0.459784 -0.480251 -0.239667 0.586443 1.658390 -0.841013 -0.483398 1.123607 1.103987 -0.334488 0.552390 1.450683 0.989607 0.821200 -0.736320 0.488214 -0.197151 -0.948222 0.467350 -0.098492 0.422395 0.840282 -2.124598 -1.420614 -0.498600 -0.258267 -1.350762 0.136336 0.647293 -0.879147 0.158527 2.038901 0.263655 0.155239 0.490215 1.427108 2.664384 -0.193865 0.186898 2.033947 2.046031 0.399120 1.384772 2.403137 1.880573 0.590603 -1.213043 0.228730 -0.543765 -1.463765 0.167554 -0.462588 0.137325 0.622845 -2.805113 -1.993461 -0.941305 -0.657462 -1.945434 -0.203359 0.372193
3 0.228989 0 2.868944 2.976445 2.703127 1.012693 -2.779813 -1.073809 -3.661739 3.115361 -1.362956 -0.142134 -1.031201 0.787436 -0.582661 -1.352200 -6.012059 -1.013075 -4.506852 -0.940403 2.188238 -0.876432 0.644457 2.201035 0.352696 1.995429 3.754021 -1.948035 0.233635 -2.529483 2.578394 1.964767 0.186829 0.249345 4.185464 4.335401 3.948721 1.879208 -2.620577 -0.555819 -3.616090 4.553715 -0.913106 0.563433 -0.443579 1.702159 0.009402 -0.847167 -6.517452 -0.423703 -5.761627 -1.447596 2.210645 -1.328775 0.470228 2.277678 0.118209 2.066052 4.151140 -2.642602 -0.106479 -3.323924 2.759128 2.028433 -0.074278 -0.024788
1 0.640547 0 0.430807 -0.470472 0.946327 -1.711958 0.585589 -1.380493 0.595273 -0.440887 0.701543 1.096166 -0.514749 -0.267898 -0.311820 0.195515 -0.837687 0.646138 1.094799 0.072652 1.104334 -0.782178 -0.880343 1.730265 -0.392715 -1.070472 1.305591 0.033868 -0.816540 -0.628474 0.203134 0.464082 -0.532169 -0.167227 1.278601 0.228114 1.840981 -1.229930 1.444353 -0.823620 1.412082 0.254169 1.537775 2.009173 0.159735 0.455676 0.405581 0.973847 -0.215670 1.511302 0.908702 -0.249470 0.892172 -1.239793 -1.337837 1.581095 -0.785780 -1.585759 1.121017 -0.311287 -1.269593 -1.094913 -0.095985 0.218248 -0.919121 -0.538931
2 0.852757 0 -0.722284 -0.412260 -0.450622 -0.841112 0.039471 0.387736 0.418156 0.277963 -1.294250 0.655005 -0.214854 -0.355258 -0.592005 0.946506 0.772580 -0.948828 -0.137519 -0.203111 0.374474 -0.009679 0.112014 -0.059684 0.584582 0.246170 0.225651 0.247665 -0.890253 0.336741 0.201501 0.483034 0.237968 0.584502 0.070878 0.399063 0.343138 -0.021863 0.810622 1.111812 1.124653 1.022292 -0.439045 1.353234 0.548063 0.411461 0.211915 1.627048 1.452402 -0.130179 -0.479851 -0.523689 -0.008886 -0.357812 -0.243399 -0.396347 0.204003 -0.130145 -0.156844 -0.118590 -1.182452 -0.038341 -0.163924 0.099777 -0.139012 0.187019
1 0.753029 0 -0.246758 -0.149264 -0.403805 -0.600265 0.090877 -0.698567 -0.009770 -0.273758 0.454990 -0.530469 -0.592391 -0.919841 1.013561 0.848494 0.258103 -0.328390 0.626186 1.387132 0.070716 -1.319551 -0.616349 -0.888256 1.790556 0.923580 -0.530627 0.111469 0.223017 0.536038 -0.560582 0.197254 0.419875 -0.283207 0.469713 0.560706 0.275283 0.042072 0.883392 -0.043086 0.745162 0.454684 1.257149 0.146301 0.069472 -0.275893 1.894637 1.691284 1.074788 0.372647 0.343355 1.231816 -0.253026 -1.866218 -1.036567 -1.361305 1.686044 0.728249 -0.973787 -0.236223 -0.070557 0.232096 -0.988932 -0.119406 0.151850 -0.683689
3 0.728713 0 -0.052657 0.098063 -0.201691 0.329285 -0.199971 -0.378065 0.556958 -0.423042 0.950914 -1.734830 -0.630785 0.721835 -0.536021 -0.261920 1.260096 0.474868 1.114608 -1.091566 -0.041697 0.415647 -0.435263 0.466902 0.287497 -0.056634 -0.721466 0.012491 -1.300117 -0.467769 0.414614 0.096524 1.275860 0.057333 0.692159 0.882193 0.494760 1.163447 0.524233 0.320078 1.433531 0.232430 1.886813 -1.324550 0.002132 1.623426 0.104342 0.459523 2.271909 1.317202 0.978895 -1.675855 -0.399162 0.148810 -0.885598 0.238878 -0.027298 -0.422059 -1.221530 -0.330024 -1.916717 -0.922689 0.155755 -0.250627 1.197105 -0.254447
3 0.235007 0 -0.160579 1.587554 0.212440 1.051884 -0.034728 1.083336 -0.810966 -3.998285 -0.736019 2.258399 2.363118 -0.542634 2.712895 0.351709 -4.095627 -0.044688 -0.442792 0.330394 -1.251354 0.927582 2.651588 3.112949 -3.461697 -0.758700 0.973188 -0.304275 1.443395 -1.412451 -1.005919 1.373918 1.399884 -4.773517 0.563122 2.624131 1.006298 1.964926 0.702012 2.038820 -0.192893 -4.104926 -0.139428 3.392831 3.574363 0.068158 3.999269 1.212543 -4.157506 0.681892 -0.826457 0.044282 -1.847117 0.775278 2.826724 3.437503 -4.503160 -1.252714 0.842266 -0.729691 1.382730 -2.043108 -1.586816 1.235923 1.337503 -6.038359
3 0.698064 0 0.474553 0.109190 0.236531 -0.290323 -0.631972 -0.430115 -0.875627 -0.359932 -0.243759 0.176128 1.595181 -0.391463 0.775090 -0.247827 0.559279 -0.466802 -1.907064 -0.090247 -1.065895 0.213087 -0.195346 1.888781 0.863272 -0.581986 0.920424 1.903708 -0.532921 -1.184122 0.331162 -0.230143 -1.073209 0.752367 1.291549 0.889764 1.034784 0.396607 0.001571 0.220354 -0.268226 0.293331 0.451198 0.956391 2.650648 0.299633 1.675662 0.443206 1.423867 0.177054 -2.646421 -0.430260 -1.642504 -0.078861 -0.593158 1.903512 0.689554 -1.028045 0.756848 1.933665 -0.991201 -1.785746 0.037618 -0.603959 -1.625566 0.535431
1 0.588586 1 0.668674 0.978400 0.296549 0.722991 0.439096 0.726505 0.076743 -0.688285 1.093702 0.057014 -2.651097 0.286124 0.331474 -0.076738 1.500339 -1.912851 -0.332412 -0.181203 0.573612 0.095201 -0.392714 -1.079926 0.075962 -0.393735 0.016167 -0.527985 0.172538 -0.875904 1.202734 -0.198611 0.660979 -0.663345 1.518006 1.801500 1.060864 1.604489 1.382061 1.512023 0.829558 0.072243 2.085476 0.819393 -2.198804 0.994398 1.143993 0.660746 2.397710 -1.564764 -0.766180 -0.602596 0.252657 -0.388786 -0.885755 -1.511706 -0.246653 -0.902772 -0.388948 -0.836683 -0.026004 -1.295256 1.019909 -0.806993 0.333472 -1.347369
1 0.753592 0 -0.119108 -0.085111 -0.628334 0.360592 -0.503098 0.022155 1.270852 0.270927 -0.472251 0.292265 -1.162618 -0.539712 -0.567058 -0.665621 -0.644256 -0.009950 0.623394 -0.015394 -0.971218 -1.234691 1.250289 0.012494 0.347635 0.022701 0.367659 0.943299 0.822379 0.196168 0.016162 0.976182 -0.057111 -0.119623 0.607226 0.654326 0.031172 1.180887 0.195588 0.777244 2.211848 1.075728 0.212290 1.092046 -0.584765 0.120401 0.125725 -0.010622 0.006653 0.738371 0.370241 -0.374925 -1.465682 -1.767889 1.099482 -0.346576 0.062411 -0.338359 0.090530 0.707094 0.592530 -0.151333 -0.360472 0.774569 -0.451278 -0.456241
1 0.645579 0 0.521561 -0.161562 -0.879757 -1.569900 -0.267827 1.474014 -0.189609 0.305828 -0.965820 -0.896885 0.282359 -0.127074 -0.011458 -0.185134 -0.442998 1.766498 -0.704325 1.156683 0.078801 1.156576 0.596094 0.847313 -0.913358 -0.337458 0.666683 -0.044703 -0.480423 -0.341491 0.284680 0.196837 -0.948061 0.133916 1.356484 0.529392 -0.245907 -1.043627 0.452453 2.461351 0.544606 1.105046 -0.358071 -0.253073 1.088384 0.597026 0.718977 0.545884 0.258490 2.819272 -1.166062 0.961226 -0.257715 0.963277 0.361514 0.640104 -1.364585 -0.737920 0.402732 -0.401847 -0.901955 -0.711799 0.002450 -0.118970 -1.441983 -0.206427
2 0.435391 0 1.619352 -0.457608 0.315633 1.016914 -1.292750 0.036130 0.214182 1.021153 -1.225167 0.356841 -0.500235 -1.172359 1.048367 1.151628 -0.621840 2.825633 0.059724 -0.453996 -1.163305 0.469729 -2.616050 -0.111411 -0.865348 -1.412259 0.624251 -1.239183 -0.625260 1.031315 1.242842 1.286074 -0.005389 -0.557607 2.237557 0.336211 1.030746 1.665072 -0.435181 0.831856 0.953090 1.703613 -0.344640 1.044824 0.307638 -0.300229 1.698354 1.833660 0.224887 3.320909 -0.281014 -0.750862 -1.384314 0.059461 -2.708997 -0.486183 -1.181560 -1.668811 0.217677 -1.455068 -0.910603 0.618968 0.759131 0.884337 -0.368507 -0.877010
3 0.817454 0 -1.347225 0.077579 -0.509696 1.510748 0.439001 0.604131 0.464465 -0.371443 -0.297569 0.912515 -0.155194 -1.239291 1.382365 -0.332600 0.297917 0.764893 -0.004389 0.097734 0.354497 -1.154196 0.244834 -0.827947 0.977522 1.249615 -0.013187 0.015996 -1.402596 0.056515 -0.161987 -0.093653 -2.008381 0.469027 -0.854394 0.829636 0.149802 2.571122 1.272313 1.473988 1.332252 0.317428 0.403529 1.828521 0.582211 -0.713223 2.382515 0.322579 1.114900 1.662044 -0.368539 -0.260369 0.095113 -1.736394 -0.058892 -1.341304 0.813172 1.142110 -0.362253 -0.344007 -2.053479 -0.319524 -0.518880 -0.473298 -2.778365 0.188741
1 0.897145 0 1.101301 -1.011416 -0.821496 -0.976771 0.682364 -1.099024 -0.185404 -0.099590 0.611404 0.702404 0.391435 -1.190231 -0.097653 0.089121 -0.059687 -1.149787 -0.205292 -0.890145 0.923904 0.197330 -0.172589 0.811937 0.554311 -0.037062 -0.323615 1.655432 0.928082 1.019891 0.197024 -0.124483 -0.797376 -0.624319 2.002447 -0.412964 -0.161090 -0.378142 1.541103 -0.529602 0.545627 0.644315 1.443941 1.577555 1.190610 -0.612970 0.648256 0.838560 0.678694 -0.560154 -0.588267 -1.374716 0.725772 -0.119321 -0.531081 0.610828 0.270033 -0.399397 -0.730206 1.577361 0.722933 0.815059 -0.125047 -0.489201 -1.282388 -1.066203
1 0.704401 0 0.450779 0.026160 0.693651 0.180147 1.048111 0.663429 -1.104448 -1.035515 -1.476236 0.966609 0.147669 -0.558091 -0.045469 -0.557566 0.314284 -0.377226 0.553098 -0.303350 -0.942140 1.149980 -0.677449 -1.448612 -0.524764 -0.244393 -0.243739 0.700912 -0.103760 0.392905 1.414162 0.877607 -0.842425 0.905682 1.270924 0.771486 1.560111 0.969364 1.924033 1.521817 -0.528454 -0.460744 -0.923266 1.880695 0.901901 0.097249 0.712195 0.135286 1.126114 0.263509 0.312472 -0.667267 -1.447421 0.967390 -1.123588 -2.030251 -0.951789 -0.632860 -0.629576 0.461425 -0.477762 0.097969 1.319429 0.677306 -1.334614 0.705264
3 0.896923 0 0.880898 -0.690605 -0.606184 0.299888 -0.801325 0.297052 0.180782 -1.039950 -0.808322 1.139766 -0.502757 0.742461 0.415232 -0.175611 1.176264 1.215794 -0.088345 -0.276719 0.016703 -0.601597 0.318438 -0.080194 -0.026048 -0.355355 -0.146122 -0.349339 0.015261 0.350183 -0.926010 0.410347 0.392608 -0.377194 1.839368 -0.063332 0.017075 1.104920 -0.212493 1.105981 0.977033 -0.498866 -0.224839 2.120860 0.141414 1.639629 1.273666 0.524647 2.178973 2.242330 -0.480487 -0.687633 -0.340421 -1.071438 0.026907 -0.456799 -0.348977 -0.780718 -0.510406 -0.785581 -0.351096 0.079445 -1.450849 0.145206 0.124321 -0.776534
1 0.271508 0 -1.179768 -0.383459 -2.439761 0.133718 -0.978548 1.413805 -2.373437 -1.613531 1.949714 -0.294033 2.680082 0.060513 -0.123328 -2.502707 2.543411 0.903439 0.770841 1.574745 1.148581 0.697845 -3.232676 1.751967 -1.268534 -0.620778 0.930172 -3.177954 -2.432987 3.995631 -0.070016 -2.766742 1.945384 2.958410 -0.614950 0.345383 -2.067434 0.955210 -0.365922 2.374129 -2.014850 -1.068516 2.965314 0.417600 3.847014 0.840952 0.618576 -2.097643 3.678221 1.777287 0.619977 1.436130 0.979984 0.462186 -4.019611 1.644494 -1.890556 -1.058833 0.644933 -4.038698 -3.109944 4.275802 -0.399478 -3.557279 1.884441 3.100100
0 0.792539 0 -0.096266 0.767661 -0.640848 0.592546 0.082158 -0.519772 -0.855008 -0.051371 -0.355846 0.041358 0.957767 -0.553923 -0.918255 0.773246 -0.220096 0.610479 1.135031 0.639539 -0.125899 -0.010596 -1.196293 -0.256864 0.138848 -0.304698 0.820133 -0.106209 -0.158806 0.206589 -0.213267 -0.200297 -0.553240 0.572198 0.667794 1.499760 0.115884 1.364698 0.835778 0.235705 -0.092074 0.682714 0.388728 0.801733 1.703576 0.202711 -0.150285 1.545285 0.537417 1.340159 0.796779 0.278593 -0.485304 -0.357416 -1.566048 -0.601625 -0.231922 -0.626015 0.462758 -0.455489 -0.501938 -0.145411 -0.580643 -0.556520 -0.872972 0.236488
3 0.734943 0 -0.330079 1.143404 -0.181015 0.173797 0.412049 1.335327 0.039159 -0.863304 1.057253 -0.159132 0.141732 -1.508738 -0.107894 0.241222 -0.458774 0.506491 -1.212431 0.587343 0.734781 -0.568445 0.713344 -0.755974 0.265950 -0.394239 -1.744296 0.879418 0.104637 0.498127 0.934811 -0.140649 -1.289957 -0.053921 0.374691 2.087424 0.540971 0.970318 1.249035 2.330853 0.778901 -0.290646 2.013226 0.534345 0.916832 -1.044725 0.624649 1.033844 0.213251 1.350408 -1.817387 0.341454 0.528591 -1.028552 0.535689 -1.255549 -0.034437 -0.791573 -2.440108 0.704567 -0.249123 0.252629 0.749630 -0.524166 -1.901989 -0.396069
1 0.711113 0 -1.256093 -0.260290 -0.333342 -0.433656 -0.109858 0.741511 0.032790 0.000407 -0.270799 -0.890813 -1.149503 -0.344313 1.327506 1.056310 -0.239731 1.807870 -0.974574 -0.521352 0.398790 0.993630 1.203446 0.239870 -0.264178 -0.363000 -1.051293 0.246453 0.429835 -0.565099 -1.797590 1.319650 0.309562 0.717855 -0.708239 0.461149 0.370843 0.261405 0.638193 1.592283 0.793799 0.754218 0.446712 -0.281784 -0.574889 0.349653 2.276600 1.981161 0.465272 2.842940 -1.484317 -0.963233 0.132119 0.771070 1.030314 -0.066981 -0.650091 -0.776389 -1.564328 -0.024716 0.138313 -0.983812 -2.409796 1.175780 0.056702 0.480936
2 0.697248 0 -0.490888 0.118548 0.478724 0.739895 -0.337817 -0.810633 -0.225065 0.440602 0.269401 -0.356281 -0.499210 0.681547 1.471465 0.926608 0.071465 -0.499681 -0.642727 1.623481 0.842792 -1.214832 -1.058653 1.030518 -0.960179 0.966724 0.579074 0.438402 0.205224 -0.472480 -0.823455 -0.814933 -0.353820 -1.323814 0.322182 0.860457 1.185189 1.418244 0.435584 0.006029 0.527867 1.166986 1.015568 0.401528 0.341347 1.403174 2.106321 1.605656 0.822951 0.312462 -0.951874 1.159466 0.456489 -1.449860 -1.315268 0.599049 -1.231606 0.530656 0.187640 0.029765 -0.149419 -0.786438 -1.108299 -1.109593 -0.660962 -1.559627
1 0.406936 0 0.818989 0.760048 -0.817354 -0.657568 -1.387069 -1.359937 -0.868291 0.389129 0.951464 1.177993 0.944678 0.532530 1.091119 -0.861114 0.485984 -0.031389 -0.690749 0.194483 -1.003286 -1.800935 -1.302491 1.105530 -1.418477 0.110749 0.084498 2.352363 -0.228309 1.301934 0.480779 1.151963 -0.915720 -0.591546 1.669812 1.635871 -0.170347 0.027818 -0.899917 -0.787462 -0.253187 1.134839 1.813002 2.161273 1.797920 1.354644 2.022807 -0.283258 1.296403 0.744004 -1.141357 -0.087966 -1.471071 -2.424059 -1.837669 0.951749 -2.012150 -0.238277 -0.271510 2.361104 -0.637259 1.197255 0.188216 0.951227 -1.329943 -1.037674
1 0.623451 0 0.356105 -1.620055 0.063786 0.720161 -0.749103 1.798297 1.279834 -0.437795 0.011271 0.406869 -0.344552 -1.197061 0.232432 -1.797059 -1.829019 -0.776338 0.015251 0.533699 0.259122 0.177233 0.132223 -0.270597 -1.026664 1.743309 0.492701 1.305282 0.095081 -1.555285 -0.566052 1.627477 0.458651 0.460796 1.133900 -1.070531 0.790990 1.546504 -0.097800 2.846847 2.234449 0.237566 0.746184 1.233281 0.363295 -0.641544 1.065782 -1.323411 -1.371407 -0.180411 -0.351615 0.250471 -0.058572 -0.090860 -0.184624 -0.663784 -1.492375 1.649770 0.223307 1.148668 -0.242251 -2.117956 -1.000484 1.520227 0.163693 0.177550
1 0.772628 0 -0.597547 2.218398 -0.381880 -0.683995 -0.222331 0.724454 0.364357 -0.430942 -0.846406 0.052302 1.466849 0.023637 -0.791733 0.378523 -0.322715 0.065828 -1.052515 0.289079 -0.969116 -0.023908 -0.448905 0.505131 -0.468646 -0.035285 1.167951 -0.151808 0.468600 0.229392 0.031871 0.417795 -0.898022 -0.078410 0.059162 3.305382 0.318378 -0.016764 0.516835 1.608383 1.149837 0.271965 -0.247982 0.829073 2.456206 0.782622 -0.153725 1.184434 0.386801 0.801627 -1.545554 0.012325 -1.488778 -0.403619 -0.869114 0.239910 -0.901014 -0.397766 0.986315 -0.537290 0.171173 -0.096114 -0.309098 0.117988 -1.393987 -0.426397
1 0.698859 0 0.424457 -0.558508 -0.325994 -0.361314 0.912606 -0.502603 2.090859 -1.142115 -1.963277 0.423337 0.313790 0.530662 0.352309 0.513036 -0.204007 -0.090786 -0.383337 0.692589 0.344552 0.701209 0.274210 -0.489353 -0.506245 -0.489704 1.224948 -0.899879 1.798525 -1.807510 -1.328746 0.495990 -0.592676 0.552976 1.218659 0.148515 0.375395 0.330529 1.817338 0.155138 3.163412 -0.568049 -1.538450 1.264547 1.099575 1.358737 1.195231 1.349527 0.528829 0.656353 -0.754783 0.416629 0.070520 0.467327 -0.044245 -0.929889 -0.915237 -0.875141 1.081054 -1.397676 1.742396 -2.470421 -1.906114 0.210073 -1.060056 0.310507
1 0.631221 1 -1.990475 1.146176 0.645957 0.449640 -1.061622 0.365878 -0.162306 1.034720 -0.019588 -0.582846 -0.214299 -0.412211 -0.405347 0.353898 0.027402 0.118594 0.422684 -0.329251 -0.799194 0.164796 1.442676 0.853455 -0.255968 -0.675661 -0.408968 -0.960119 0.488598 -0.643731 0.484140 1.104335 -0.547483 0.366117 -1.665305 2.042814 1.469242 1.031344 -0.435118 1.153844 0.530652 1.831570 0.785882 0.110637 0.575087 0.308684 0.260973 1.238788 0.673790 0.892464 0.285195 -0.888960 -1.187013 -0.124221 1.346145 0.507999 -0.559546 -1.135886 -0.806335 -1.593644 0.254405 -1.063076 0.340810 1.079431 -0.952082 0.034025
1 0.347621 0 0.280544 2.811043 -1.766253 0.658833 0.258033 2.338329 0.219080 -1.565991 -0.594163 2.145490 -1.415071 -0.134863 -0.945052 2.096809 0.532835 -1.135619 -0.564990 -2.409936 -0.647418 -0.069703 -0.110330 0.369824 2.086841 1.423325 -0.872624 -0.999448 1.475823 -0.817294 -0.815687 1.601553 -2.792036 -0.641885 1.071457 3.999110 -1.288008 1.482801 1.042088 3.417119 0.985183 -1.035997 0.072671 3.200039 -0.919915 0.557607 -0.277649 3.191940 1.332502 -0.552223 -1.005156 -3.149040 -1.104490 -0.434580 -0.473262 0.045038 2.037526 1.303291 -1.336696 -1.504312 1.331279 -1.309089 -1.312408 1.527246 -3.580352 -1.159236
1 0.836451 0 -0.605567 0.776201 0.379367 0.276979 -0.470541 -0.265485 0.129119 0.661301 0.594684 0.834943 0.419834 0.389821 -0.430445 -0.749605 -0.830352 0.078187 1.147426 -0.484715 -0.757346 -0.111503 0.310088 0.472991 -0.202588 -0.363939 -0.513469 0.041003 -0.370469 0.377732 -0.298845 -0.767607 -0.264220 0.597022 0.068248 1.656736 1.183209 1.049648 0.201184 0.431879 0.902067 1.511427 1.417668 1.686385 1.244852 1.202256 0.239981 -0.101426 -0.171942 0.834775 0.975627 -0.917509 -1.232392 -0.487439 0.006465 0.172067 -0.598620 -0.746810 -0.941893 -0.297070 -0.789536 0.092958 -0.669474 -1.241592 -0.622525 0.324730
1 0.712019 0 -0.020187 -0.968248 0.016295 -0.159122 -0.726732 1.347709 0.424480 -0.095619 0.306383 0.124807 -0.212556 -0.873773 0.027513 1.120105 -0.121152 0.449733 -0.352768 0.294686 -0.084890 -1.744539 -0.298763 -0.590206 0.029378 1.317476 0.549563 -0.503870 0.603078 -0.032114 0.940941 0.064211 -0.358826 -0.472992 0.765641 -0.333395 0.789419 0.589221 -0.084409 2.315460 1.211182 0.663671 1.118463 0.884267 0.480291 -0.225395 0.813667 2.009002 0.603421 1.261959 -0.746747 0.020925 -0.440554 -2.351840 -0.685699 -1.054877 -0.296377 1.194218 0.271336 -0.928431 0.379523 -0.374621 0.744090 -0.299081 -0.738439 -0.924066
1 0.677674 0 -0.123472 -0.619098 0.401476 0.588690 0.383649 -0.306331 -0.758378 -0.216566 -0.358708 -0.769937 0.237432 -0.396022 -0.054282 0.176427 0.277564 0.583973 -0.427266 1.127078 -0.404796 0.313540 -0.231319 -0.501633 1.072752 -1.272966 0.562807 -0.052345 -0.754837 1.712258 0.358459 0.014787 -0.158441 -0.404494 0.620681 0.012786 1.218192 1.421417 1.241255 0.364130 -0.101563 0.449473 0.332596 -0.156413 1.052934 0.305634 0.697884 0.957263 1.059975 1.415010 -0.811526 0.934381 -0.819268 -0.006245 -0.654526 -0.951373 0.856590 -1.823238 0.298860 -0.409583 -1.224902 1.635311 0.069661 -0.326156 -0.541164 -0.843333
1 0.627889 0 -1.279141 -1.567932 -0.839407 -0.012376 0.933040 -1.733420 -0.228363 0.872988 -0.373208 0.632205 -0.913299 2.565530 0.900051 -0.508636 0.033208 0.759110 -0.748342 0.290039 -0.311350 0.478848 0.976447 -1.149977 -0.756552 1.641059 -0.875452 -0.402913 1.317573 -0.308327 0.852820 0.118336 0.403379 -0.765935 -0.751220 -1.082730 -0.208180 0.704408 1.817699 -1.291953 0.453154 1.754828 0.326985 1.456997 -0.269030 3.716201 1.762150 0.166803 0.776360 1.628971 -1.213846 -0.020256 -0.699780 0.171821 0.762779 -1.669029 -1.225267 1.558324 -1.358568 -0.787279 1.164988 -0.736773 0.633234 -0.201378 0.146439 -1.209140
1 0.443130 0 -0.088791 1.294692 -0.642569 -0.152176 -1.215284 -2.389305 -0.479051 1.127533 0.682472 -0.834047 -0.376557 -0.056383 -1.589934 1.293830 1.158117 -2.204790 -0.691957 -0.242299 0.257981 0.069293 0.464292 0.800639 0.509053 3.076694 0.261965 0.448956 1.633844 -0.003341 -0.199188 0.518557 -1.623259 -0.808989 0.641222 2.244824 0.021347 0.630875 -0.646340 -2.023924 0.215805 2.073817 1.508891 -0.258047 0.285341 0.668880 -1.022067 2.203994 2.091020 -1.779791 -1.101844 -0.591739 -0.022131 -0.308067 0.155370 0.536378 0.232664 3.172552 -0.063502 0.133997 1.548242 -0.333158 -0.548407 0.245040 -2.195892 -1.258584
1 0.676908 0 0.928405 0.142983 -0.437609 -0.751600 -0.406007 -1.922933 -1.910119 0.632893 1.639771 -0.521902 0.707558 0.002347 -0.304838 0.166555 0.219514 0.884813 0.019273 0.800380 -1.336778 0.510754 -0.136405 -0.200171 -0.972358 -0.865897 0.603092 -0.028679 0.655014 0.862545 1.387819 -0.142873 -0.273603 0.048054 1.837792 0.908666 0.237836 -0.120837 0.285849 -1.475647 -1.464762 1.495799 2.648837 0.144765 1.565444 0.768496 0.411928 0.949475 1.015375 1.809793 -0.294343 0.557163 -1.907717 0.226645 -0.520547 -0.627940 -1.461052 -1.378355 0.369746 -0.396507 0.396403 0.596652 1.247322 -0.540049 -0.672505 -0.291189
1 0.830281 0 -0.042304 0.647664 -0.419958 0.703721 1.048768 -0.011050 0.028542 -0.376042 -0.410109 0.218613 -0.851717 0.444570 -1.012546 -1.348919 0.541383 1.577618 0.059286 -0.328009 -0.748166 0.988218 1.484147 -0.024690 -0.298458 0.305768 -1.686775 -0.050539 0.619883 -0.436189 -0.793373 0.224273 -0.304888 0.251282 0.674435 1.508296 0.258367 1.576438 1.963390 0.745975 0.790055 0.311395 0.256381 0.968011 -0.219014 1.258664 -0.399477 -0.786377 1.383206 2.584449 -0.294148 -0.725928 -1.184662 0.801884 1.349449 -0.398390 -0.673994 0.007556 -2.299579 -0.395744 0.351038 -0.855057 -1.238016 -0.098938 -0.686513 -0.058140
3 0.571773 0 0.018229 -0.175685 1.030012 0.294879 0.211841 0.422584 0.431416 1.071848 -1.776311 -1.250677 -0.679436 -0.394747 0.899574 -1.380407 -0.613899 0.352452 -0.343162 0.602645 2.693420 -0.720257 0.609662 0.090575 -1.638766 1.689375 0.477438 1.298350 -0.723926 -1.056002 -0.104897 -0.590374 -0.273166 -0.472591 0.757555 0.528677 1.964966 1.109341 0.973887 1.268201 1.261213 1.992573 -1.380522 -0.768654 -0.062532 0.272018 1.789360 -0.925896 0.062971 1.139427 -0.742733 0.379249 2.844877 -1.230313 0.429421 -0.278639 -2.310340 1.672316 0.198540 1.202539 -1.214584 -1.582333 -0.505984 -1.092596 -0.673698 -0.913418
1 0.874591 0 0.568401 -0.485513 -1.195247 0.371145 -1.185139 0.309907 1.020399 -0.103562 -0.031236 1.027478 0.744475 -0.023032 -0.086606 0.125069 0.381898 -0.098849 0.054746 0.214458 -0.144207 0.851460 -0.669922 -0.128646 -0.124047 -1.528866 -0.400859 -0.357108 -0.228738 0.621851 0.298356 -0.329191 -0.166529 0.697650 1.407621 0.172627 -0.651331 1.184137 -0.619737 1.119111 1.921115 0.658680 0.698650 1.933054 1.608555 0.713054 0.663401 0.912339 1.168035 0.635295 -0.277952 -0.101907 -0.503454 0.625866 -1.132050 -0.481288 -0.483215 -2.112795 -0.787455 -0.758907 -0.622788 0.367402 -0.007873 -0.741989 -0.551258 0.442092
1 0.193189 0 -0.967454 2.949460 -2.895440 -2.157206 -0.518202 0.569134 1.343744 -1.985613 3.193449 2.606482 3.426985 0.719407 0.207619 0.486767 0.139996 1.436452 -2.912157 1.940870 0.245631 -2.645915 -1.675071 -2.146330 -0.891002 0.764679 -1.594422 2.240380 -0.683765 -0.947469 -1.770902 1.629677 1.476045 -1.585831 -0.345245 4.130851 -2.642986 -1.710550 0.190189 1.384925 2.309379 -1.549887 4.439640 3.811067 4.641557 1.631439 1.049748 1.329467 0.898173 2.382684 -3.742210 1.847788 -0.108278 -3.408062 -2.260608 -2.819068 -1.376808 0.578250 -2.256098 2.175323 -1.176609 -1.487773 -2.369985 1.473870 1.366105 -2.186669
3 0.554108 0 -0.728896 -0.782800 0.107235 -1.285975 1.507744 -1.245822 0.432305 -0.313956 1.186478 1.674015 1.458618 -2.129614 -0.401963 -0.797843 -0.221537 0.317953 1.408374 -0.186075 -0.257506 0.304743 0.563107 -0.177450 -2.022077 -0.203275 -0.248198 0.210699 2.022353 0.498599 1.166846 -0.791765 0.176839 -1.241156 -0.130337 -0.180924 0.873567 -0.814696 2.548181 -0.761266 1.273235 0.397021 2.166336 2.768222 2.467978 -1.788295 0.294487 -0.176470 0.500708 1.134092 1.325316 -0.569601 -0.646699 0.016181 0.318386 -0.514936 -2.811442 -0.500756 -0.661755 -0.070087 2.069717 0.283240 1.089256 -1.279138 -0.138556 -1.833772
1 0.664551 0 -0.200617 -0.967269 -0.395713 0.761642 0.056914 1.013094 0.753894 -0.782486 -0.832233 -0.581726 -0.596947 -0.380923 1.249435 1.059721 1.069808 -0.130742 0.373431 0.887944 -0.162579 0.590208 0.572681 -0.166061 -0.533817 -0.932056 -0.781680 0.294981 -0.391618 -0.170009 -0.302729 -1.814894 0.528414 0.911929 0.509895 -0.372940 0.308289 1.603973 0.769455 1.913344 1.629918 -0.153082 -0.185449 0.067517 0.112513 0.310404 2.216401 1.953406 1.982967 0.571833 0.088385 0.649985 -0.523226 0.342492 0.324875 -0.520393 -0.950986 -1.467955 -1.219345 -0.012244 -0.803615 -0.547511 -0.708219 -2.444824 0.227361 0.712207
1 0.633325 0 0.086613 0.466803 1.105066 0.791634 -0.177756 -1.524196 -0.358172 -0.435422 -0.531752 0.704051 -0.238323 -0.489251 0.127292 0.638599 0.099802 -0.538802 0.375659 0.170967 0.337104 -0.929049 -0.899258 -2.639480 0.700048 0.692452 -0.476166 0.241187 0.773561 -0.639585 1.318267 0.629505 0.747353 -0.128750 0.841004 1.277129 2.035956 1.652298 0.564886 -0.995784 0.360431 0.268297 0.191757 1.566396 0.432561 0.178613 0.875102 1.473869 0.868571 0.125078 0.071884 -0.132043 0.031097 -1.415030 -1.363846 -3.350545 0.450506 0.464298 -0.908335 -0.067911 0.540728 -1.082618 1.199896 0.371294 0.491369 -0.518059
1 0.628439 0 0.708447 -0.333445 -0.518190 -0.032453 0.065515 -1.259694 1.571824 -0.070074 1.396393 0.452772 1.849916 -0.229528 0.259077 -0.498151 -2.297692 1.001540 -0.887013 1.226333 -0.491964 -0.049480 0.807707 0.086107 -0.299700 -0.992355 -1.918263 -0.011104 0.994859 0.504318 -1.632746 -0.944717 1.199323 0.342439 1.538337 0.343875 0.121955 0.711878 0.840390 -0.711013 2.531609 0.676738 2.352838 1.252921 2.844067 0.489167 1.038570 0.222599 -1.875752 1.882751 -1.393427 1.080244 -0.891997 -0.422571 0.567343 -0.261061 -0.677095 -1.511758 -2.559191 -0.398582 0.780706 0.243561 -2.240080 -1.440380 1.048843 0.034251
2 0.298854 0 -0.468010 1.808431 -1.230598 -1.654798 -0.801899 1.600302 0.320326 -0.374698 -1.652340 -0.324248 -0.517782 3.073749 -2.585024 -0.186693 -1.525086 0.846511 1.230219 -0.526629 -0.166930 0.287437 -0.142569 0.379311 0.433451 -0.172502 0.338527 0.986553 2.462997 -1.384405 2.204442 -1.669686 -0.533755 -0.054606 0.337364 2.469658 -0.366434 -0.744262 0.054491 2.186290 1.023489 0.445858 -0.809997 0.421100 0.281119 3.585135 -1.666126 0.587680 -0.698762 1.509231 0.765749 -0.826760 -0.475696 -0.126843 -0.501518 -0.024063 0.053571 -0.472455 -0.074967 0.517146 1.897354 -1.659240 1.633528 -1.869399 -0.866389 -0.411631
1 0.635725 1 -1.258649 -0.169756 -1.794314 -0.336870 0.315702 0.128061 0.138237 0.389093 -1.372642 0.600719 -0.174779 0.703756 -1.094802 -0.680588 -1.734614 0.941410 1.030344 1.015724 -0.520274 0.901037 0.340840 -1.015370 -0.378533 0.646039 0.477867 0.571294 1.457116 0.660681 0.175195 0.017145 0.435728 -0.414798 -0.831542 0.489213 -1.322750 0.531574 1.273776 0.954333 0.970933 1.161753 -0.987501 1.428039 0.601826 1.630971 -0.515310 -0.081713 -1.060935 1.943238 0.842228 0.752419 -0.837609 0.708986 0.032117 -1.556580 -0.952950 0.278221 0.252696 0.222227 1.252902 0.385734 -0.060160 -0.220110 0.225482 -0.774810
1 0.827074 0 0.130272 0.194532 -0.370287 0.694695 0.088747 -0.453903 0.273154 0.172318 -0.921317 0.214396 1.080598 -0.851088 -0.320194 -0.136944 -0.494819 0.499597 0.997978 0.375298 -0.457083 0.396548 -0.007074 -0.237601 -0.589921 -0.395711 0.639223 -1.035828 0.603735 0.148334 0.381967 -0.542849 -0.134093 0.057322 0.900868 0.972686 0.333824 1.542284 0.845507 0.212811 1.020187 0.954237 -0.310789 0.993543 2.021273 -0.229462 0.363947 0.577996 0.181232 1.316931 0.831364 0.121918 -0.878985 0.091552 -0.395855 -0.600079 -1.023268 -0.818464 0.392700 -1.549565 0.364115 -0.195301 0.081335 -0.977014 -0.503455 -0.293613
3 0.888239 0 -0.879399 -0.525848 0.133766 0.378627 -0.202939 0.515815 0.888606 -0.342428 0.752990 0.711401 -0.519610 -0.757781 -0.548976 0.264035 -0.371877 1.387243 0.294632 -0.473735 0.002186 0.691989 -0.804960 0.617768 -0.162585 0.577039 -0.182406 -0.624915 -0.449958 -0.223529 0.525959 -0.089437 0.236435 -0.818109 -0.311160 0.114421 0.924502 1.209469 0.506884 1.374718 1.818403 0.327749 1.652098 1.603740 0.135444 -0.161366 0.085362 1.050757 0.337408 2.411108 -0.025306 -0.916678 -0.327038 0.467554 -1.323676 0.398123 -0.558037 0.332299 -0.560034 -1.109728 -0.892705 -0.609111 0.277038 -0.440396 -0.078891 -1.317946
1 0.832330 0 -0.219963 0.006092 -0.245508 0.215988 -0.892102 -0.367937 1.148483 0.294201 -0.999636 0.893397 0.738563 0.227773 -0.666186 -0.659996 -0.312059 0.327516 -0.603921 -0.052712 -0.637881 -0.348431 0.382713 -0.624147 0.411014 0.379611 0.323483 0.666910 -0.258072 0.063458 0.534018 -0.493386 0.268383 0.500334 0.509000 0.720945 0.469099 0.992014 -0.250344 0.313119 2.073565 1.077371 -0.386924 1.781896 1.601677 0.999211 -0.032257 -0.005485 0.374438 1.130179 -1.021997 -0.426473 -1.087830 -0.729720 0.085547 -1.085279 0.109700 0.078800 0.023332 0.444679 -0.660850 -0.254116 0.266914 -0.908898 -0.024884 0.201741
1 0.171241 0 2.200220 -0.466110 -2.369238 0.783500 -0.472091 3.058020 -3.860845 2.570121 1.012575 0.151832 2.513857 0.978493 -4.883654 2.017849 -3.936550 -1.981868 -0.140972 0.127852 3.618101 -4.899328 -2.410391 0.123627 0.859952 0.414454 2.077498 0.327410 -0.787442 1.111151 2.093844 -0.157615 -0.583050 0.908799 3.243570 0.210167 -2.021509 1.675781 0.231621 4.304128 -3.614675 3.691546 1.924458 0.935324 3.705275 1.893010 -4.831634 3.065893 -3.803149 -1.480251 -0.501291 -0.178155 3.824432 -5.984442 -3.129671 -0.223056 0.643595 0.155354 2.056134 -0.012000 -1.273030 0.937981 2.019302 -0.489347 -1.058318 0.683975
3 0.865194 0 -0.140608 -0.520063 0.761718 0.132991 -0.040534 0.545730 -1.898765 -0.061084 -0.933200 0.117693 -0.099762 1.154269 -0.944501 0.599925 0.886204 -0.143516 -0.375954 1.837756 -0.524485 -0.237104 -1.076758 1.244777 -0.244959 0.590327 -1.231774 -1.045359 0.129225 0.892933 0.326666 -0.170569 0.011201 0.457581 0.545142 0.148387 1.652825 0.918351 0.721634 1.437116 -1.534673 0.674940 -0.386327 0.860903 0.602302 2.123169 -0.357180 1.462741 1.810902 0.616744 -0.781150 1.862263 -1.002668 -0.617078 -1.626451 1.121822 -0.646443 0.361947 -1.828311 -1.607345 -0.200055 0.714457 0.039818 -0.572230 -0.326007 0.192722
1 0.807182 0 0.547927 0.097286 -0.349823 0.442946 -0.225423 -0.773287 0.074970 -0.729622 -0.031652 -0.908072 0.476559 0.575978 -0.296874 -0.851540 -1.028579 0.130277 1.493354 0.495971 0.733448 0.732218 0.669295 -1.154269 -0.705411 -0.661673 -0.011152 -0.172715 0.956775 -0.564020 -0.980595 0.832021 0.845797 0.339883 1.399474 0.839215 0.347963 1.244001 0.512072 -0.130141 0.821385 -0.079649 0.719121 -0.276537 1.284424 1.394117 0.396836 -0.232924 -0.421754 0.880821 1.325632 0.211745 0.498001 0.501920 0.411909 -1.677537 -1.197683 -1.094679 -0.364458 -0.530457 0.768818 -1.000370 -1.506185 0.616862 0.631606 0.040321
1 0.558841 0 -1.814939 -0.796289 -1.220764 0.783958 0.504639 -0.508331 -0.982690 0.017772 0.203812 1.185914 -0.976919 0.088879 -0.108937 -1.407333 0.545085 0.732449 -1.044573 0.972557 0.157461 1.125696 0.700279 1.622738 -0.635193 -0.345682 0.916225 0.573412 1.349742 -1.135811 0.250633 0.513824 -1.022293 -0.245318 -1.338537 -0.200745 -0.586072 1.674893 1.322145 0.145246 -0.370088 0.752222 0.978834 2.096537 -0.392872 0.809269 0.642909 -0.876128 1.357062 1.586267 -1.520733 0.764512 -0.156874 0.950116 0.459754 1.499214 -1.076827 -0.764051 0.688201 0.324368 1.184642 -1.681307 -0.068113 0.247146 -1.551738 -0.609868
1 0.685817 0 -2.374620 1.161234 0.678872 -0.553260 0.306326 1.067238 1.218279 1.105079 -0.394685 1.022456 0.253847 1.005073 0.030860 -1.277326 -0.604925 -0.353549 0.385475 0.007032 -1.988793 -0.164454 0.907247 -0.821369 0.556429 0.682718 -0.272515 -0.350960 0.282862 0.082588 0.171109 -1.218179 -0.280100 -0.269989 -2.001699 2.066294 1.514113 0.122314 1.148235 1.965566 2.185998 2.015633 0.305197 1.885165 1.059392 1.933125 0.788501 -0.747872 0.057456 0.285646 0.073199 -0.327016 -2.626480 -0.545407 0.707955 -1.308291 0.297394 0.429148 -0.689370 -0.761826 -0.019135 -0.246252 -0.146465 -1.766407 -0.697356 -0.681367
