32 60
1 0.436464 0 -0.628898 1.728999 1.742546 -0.639577 -0.278313 -0.128929 -0.333432 -0.993967 0.330774 -1.091185 -0.140389 0.331511 0.480034 0.072903 -1.265091 -1.239260 0.681501 -1.849187 0.429627 0.099216 -1.453641 -1.863785 0.097991 -0.308422 1.905750 -0.788573 1.923010 -0.928823 0.781279 0.513068 0.114208 2.699056 0.056042 2.721690 2.757064 -0.024164 0.425505 0.615475 0.393020 -0.386794 1.144949 -0.521441 0.591065 1.073361 1.304860 0.847971 -0.720044 -0.665965 0.445024 -2.455135 0.141575 -0.243988 -2.007146 -2.472489 -0.223257 -0.724304 1.833963 -1.197345 1.878104 -1.453314 0.585445 0.254109 -0.189739 2.746042
0 0.889737 0 0.701025 -0.939514 0.030574 0.002434 -1.140237 -0.576301 0.078806 1.711473 0.765172 0.198169 0.514427 -0.292436 -0.784384 -0.223497 0.005248 0.703497 -0.179737 -0.524422 -0.080568 0.809880 -0.521149 -0.310154 0.077218 0.588995 -0.537234 0.304759 -0.343999 0.408472 0.265219 -0.390950 0.329123 -0.649908 1.440368 -0.183732 0.777212 0.755761 -0.411025 0.178170 0.837671 2.488611 1.499458 0.964446 1.282914 0.432126 -0.047435 0.535336 0.748094 1.451121 -0.520251 -0.880080 -0.435973 0.446592 -0.866590 -0.675929 -0.277054 0.227417 -0.883681 -0.044757 -0.689239 0.077599 -0.103168 -0.725092 -0.022289 -1.010000
2 0.654197 0 -0.781397 -0.942028 0.367561 -0.311243 -0.044590 -0.464989 0.243888 0.501436 -0.164239 -1.340299 0.281757 0.329238 -0.880453 -0.359986 0.943398 -0.297267 -0.418965 -0.268553 -0.034765 -0.050106 1.267324 -1.080806 -0.757096 -0.115890 0.995946 1.201984 0.860468 0.890007 0.698263 0.940210 -1.434996 0.226187 0.011833 -0.124751 1.083532 0.464986 0.694990 0.354766 0.987287 1.266171 0.613625 -0.476585 1.002223 1.064600 -0.062681 0.395564 1.587774 0.504113 -0.729044 -0.598535 -0.388757 -0.372884 0.819834 -1.351181 -1.074852 -0.480563 0.587398 0.757456 0.445003 0.480452 0.360892 0.499743 -1.716785 -0.153413
3 0.608825 0 -0.725294 0.355454 -1.909367 -0.222631 -0.105141 -0.477183 0.052219 -0.810825 0.238378 1.155789 0.687155 0.289223 0.284211 -0.089733 -0.433638 1.503443 1.209255 -0.167019 -0.382691 -2.532647 0.847747 -0.386088 -0.657730 -1.084631 -0.804230 -0.053316 1.207303 1.281033 0.123576 -0.411139 0.803336 1.215184 -0.130304 1.168599 -1.520687 0.531279 0.630010 0.140152 0.842160 -0.237981 1.071620 2.140382 1.563503 1.105278 1.074737 0.646702 0.210277 2.537724 1.100699 -0.547008 -0.831833 -3.387803 0.637214 -0.802726 -1.143295 -1.648458 -1.322073 -0.388932 1.055130 1.170159 -0.188024 -0.858993 0.616602 1.083882
1 0.285896 0 -0.378866 0.015742 0.595500 0.512697 0.971410 -1.152606 -1.114419 -0.564934 -0.931459 -1.451709 -1.885347 -0.930971 0.966779 -2.497834 -1.636992 0.060452 0.148660 1.896680 -3.679045 0.638756 0.893507 -0.866028 0.886133 1.133424 -0.707841 0.570174 -1.386503 -0.447640 -0.064553 3.208775 3.600262 3.597792 0.307754 0.746809 1.450341 1.375086 1.841183 -0.589723 -0.504735 0.146105 -0.299005 -0.900269 -1.424444 -0.290075 1.852725 -2.135191 -1.094657 0.806566 -0.194224 1.816987 -4.548879 0.334200 0.642491 -1.333863 0.681682 0.899103 -1.163309 0.345626 -1.935883 -0.850620 -0.416136 3.279098 3.751887 3.805973
1 0.721836 0 -0.166901 0.336593 -0.388244 0.364203 0.359855 -1.469248 0.524768 -0.485169 -0.727922 -0.548512 -0.727812 0.063085 0.061450 0.382061 -0.517450 0.726066 0.231007 -0.404532 -1.378993 -0.850629 -0.135480 -0.308392 0.545404 0.208070 0.551294 0.431672 1.106583 0.720277 0.114482 1.105427 0.129753 0.147232 0.557939 1.153922 0.299313 1.155598 1.149031 -0.945139 1.326869 0.200523 -0.082996 0.115963 -0.081640 0.803461 0.831171 1.219588 0.128471 1.610394 -0.048006 -0.775527 -1.934138 -1.355443 -0.515145 -0.721321 0.275206 -0.092575 0.255816 0.109073 0.906915 0.486627 -0.222958 0.917037 -0.219628 -0.204654
1 0.657577 0 -0.105441 0.248755 -1.316225 0.081166 0.294205 -1.157674 0.776470 0.331095 -0.129967 -0.497215 0.131919 -0.047777 -0.816099 0.808930 0.800199 -0.362659 0.048959 -1.525869 1.907226 -0.839707 0.993817 0.373373 -0.654443 -1.716750 0.015788 0.351094 0.577346 0.688162 0.126770 1.009223 0.070485 -0.465157 0.637994 1.031585 -0.778648 0.855101 1.048051 -0.593161 1.656917 1.124635 0.593077 0.180648 0.897587 0.693549 -0.206024 1.674293 1.698968 0.337673 -0.256992 -2.108292 1.849308 -1.288001 0.796592 0.029195 -1.112324 -2.318095 -0.317869 0.071051 0.324919 0.444004 -0.187086 0.844926 -0.297748 -0.905156
0 0.754869 0 0.850864 0.253962 0.177115 -1.592065 1.486804 -1.635586 -0.023876 0.613924 0.655839 -0.992214 -1.068293 0.323634 1.102897 -0.625213 0.801546 -0.019831 -0.801358 0.015910 0.450201 -0.046822 0.423304 -0.492185 -0.259769 -0.456057 -0.397013 0.355213 0.786397 -0.489517 -0.558503 0.920660 0.492962 -0.252929 1.617718 0.982851 0.964516 -0.825019 2.213278 -0.891891 0.711101 1.369398 1.416323 -0.233357 -0.295005 1.056639 1.819535 0.138283 1.558704 0.748060 -1.166210 -0.325096 0.139817 -0.418122 0.088187 -0.854042 -0.574865 -0.811360 -0.757380 -0.011490 0.440558 -0.823881 -0.911868 0.570330 0.153560 -0.609563
1 0.264716 0 -0.300824 -2.723377 -0.026065 2.448509 0.443111 -0.355763 -0.145538 1.593206 -0.307445 -0.360149 -0.502843 -0.412986 0.857413 -1.274267 0.574237 -0.970500 -1.280780 -0.038751 0.441530 1.581147 2.240004 -0.541591 0.273483 1.190461 0.793174 1.525212 -0.450537 -1.527108 -0.730676 -1.029668 -0.889364 -0.093255 0.441804 -2.416484 0.680237 3.595692 1.277494 0.310004 0.589023 2.552199 0.412251 0.326235 0.178328 0.259833 1.781767 -0.724781 1.430430 -0.398528 -1.781750 -0.390142 0.207786 1.510207 2.210802 -1.004492 -0.047124 1.036026 0.547889 1.404678 -0.896504 -2.098751 -1.233330 -1.564974 -1.403557 -0.480009
3 0.615088 0 -0.346543 -0.128676 1.653983 1.229165 -1.010994 1.003559 1.005571 1.327172 0.941890 -0.594517 0.562567 -0.616520 0.503780 -1.792357 1.785566 -0.222774 -0.028024 -0.146116 -0.972925 -2.415105 -1.246756 -0.769664 0.295180 -0.268691 -0.978550 -0.093808 -1.109207 1.535944 1.555174 -1.219945 -0.736972 1.298593 0.320773 0.596634 2.761269 2.268413 -0.482265 1.909511 1.961914 2.385342 1.851237 0.015293 1.403355 0.042551 1.354383 -1.413758 2.935008 0.457089 -0.439442 -0.495067 -1.526066 -3.259210 -1.866597 -1.264761 -0.000809 -0.653261 -1.559653 -0.459278 -1.695778 1.514577 1.575409 -1.788276 -1.195372 1.194541
2 0.708287 0 0.520211 -1.026842 0.291902 -1.111460 -0.374216 -0.511971 0.341114 -0.003351 -0.730506 -1.342935 1.433506 0.491691 0.237694 0.187359 0.706748 0.941807 -0.720139 -0.032277 1.196239 -0.780237 -0.235558 -0.420347 0.191650 0.602822 -0.624966 1.641530 -0.650956 0.586781 -0.377184 0.103481 -0.275863 -0.255726 1.236794 -0.200957 1.041421 -0.259434 0.410549 0.279787 1.065287 0.732784 0.083348 -0.493670 2.076182 1.212236 0.985143 0.894811 1.392682 1.597686 -1.021171 -0.392296 0.739538 -1.069390 -0.575381 -0.733074 -0.150629 0.223432 -0.964345 1.152595 -0.932451 0.182860 -0.750101 -0.259107 -0.588824 -0.566527
2 0.677787 0 0.503875 0.544162 -1.202247 -0.337324 -0.640664 0.142559 0.999382 -0.614554 0.194898 0.093284 0.041633 -1.395663 -0.635362 0.339459 -0.266865 0.333378 -0.865405 -0.165835 -0.248692 1.576007 0.288002 -0.344493 0.422942 -0.857158 -0.409893 0.642845 0.963431 0.441795 0.193506 -0.156254 -0.303732 0.722985 1.192799 1.254491 -0.372979 0.420827 0.182678 0.863279 1.683127 0.169871 0.918947 0.838790 0.813878 -0.518531 0.160934 1.064801 0.514814 1.094839 -1.124120 -0.515070 -0.563283 1.059460 -0.129511 -0.673279 0.012024 -1.121792 -0.777714 0.272721 0.555955 0.019775 -0.168744 -0.479482 -0.654880 0.321118
1 0.294648 0 0.963001 -2.083190 -1.440387 -1.420103 -0.915501 0.292973 -0.755564 0.574314 0.155355 -0.681060 -1.241674 -0.083961 0.808232 0.145381 -0.769372 0.774434 1.121138 -0.736179 -0.208934 0.313948 -0.469185 2.825755 0.916928 -0.285213 -0.340668 -1.207711 0.588582 2.983309 -0.783738 -0.508677 1.428919 0.038848 1.786928 -1.655976 -0.898994 -0.867142 -0.319424 1.040390 -0.172451 1.457699 0.973723 0.000753 -0.674400 0.657772 1.688198 0.916224 -0.137139 1.592262 0.950452 -1.190385 -0.618722 0.005846 -0.845782 2.935370 0.714314 -0.699713 -0.826695 -1.765966 0.324807 3.072451 -1.200455 -0.922021 1.304203 -0.300094
3 0.749407 0 0.906272 -0.582906 0.167346 0.863429 -0.444530 0.851397 -0.115842 -0.608954 1.077347 0.126271 -0.791574 0.950193 -1.123657 -0.293208 -0.303048 -0.150693 0.341520 0.157135 -0.433068 1.049012 0.213565 -0.065161 -0.906623 0.700227 0.233553 1.338574 -0.630310 -0.541118 -0.827592 -1.120977 -0.792557 0.755979 1.832657 0.042224 0.954532 1.780834 0.231328 1.797216 0.640706 -0.000924 2.051777 0.904528 -0.172527 1.888710 -0.604546 0.437437 0.402220 0.567084 0.026852 -0.161342 -0.864567 0.912257 -0.077921 -0.435720 -1.451910 0.494764 -0.096842 1.262525 -1.082424 -1.025053 -1.340596 -1.721132 -1.269709 0.560185
2 0.867801 0 0.178415 -0.134583 -0.456962 -1.085845 -1.350522 -0.090831 -0.164546 0.916178 0.474458 -0.238002 0.773438 -0.295526 -0.672060 0.645008 -0.116781 0.440624 -0.066149 0.018104 1.373787 0.177793 0.283022 1.204754 -2.190802 0.681061 0.095456 0.682717 -0.654999 0.162536 0.093441 -0.490692 -0.702657 0.510169 0.902975 0.647771 0.333899 -0.232274 -0.485315 0.638924 0.584825 1.601412 1.195439 0.562376 1.472415 0.458953 0.121293 1.340470 0.630060 1.134185 -0.419656 -0.328510 0.907919 -0.173295 -0.091429 0.748007 -2.399690 0.256545 -0.273191 0.285822 -0.946964 -0.214891 -0.255737 -0.818320 -1.021076 0.088671
2 0.813030 0 -0.068493 0.069333 0.082083 0.520887 0.124366 0.585597 0.685017 -1.028036 -0.460776 0.069588 0.671270 -0.172599 0.282523 0.313156 0.744882 -0.263076 0.719757 -0.607162 0.044498 1.047703 -0.824259 -0.605232 0.094486 -0.590925 -0.542952 -0.244492 -1.347513 -0.212862 0.573939 -0.249268 -0.175291 0.763853 0.672782 0.841330 0.823236 1.229399 0.867097 1.308292 1.394481 -0.204361 0.309827 0.810422 1.372464 0.585328 1.000832 1.028355 1.427369 0.483860 0.321915 -0.915660 -0.344681 0.624331 -1.101445 -0.913522 -0.257402 -0.892389 -0.850346 -0.575474 -1.587838 -0.566357 0.168425 -0.537160 -0.502368 0.343011
3 0.426455 0 -0.557228 -0.351249 0.423802 0.435145 -1.645925 1.190476 -0.814633 0.432345 2.103297 0.043926 0.521628 -0.281063 0.030244 0.172586 0.868222 0.425770 -1.206220 0.349340 0.317125 -0.238767 -0.705144 -0.148671 1.105018 1.213409 -0.513155 1.063725 -0.726760 -1.050353 -1.394121 -2.125506 0.987906 0.074831 0.080072 0.313088 1.231110 1.265068 -1.175924 2.169309 -0.222924 1.311691 3.267693 0.784194 1.415240 0.415190 0.769439 0.948473 1.836528 1.282376 -1.792294 0.035018 0.003525 -0.669070 -1.200084 -0.555109 0.983034 1.127898 -0.983396 0.941793 -1.202269 -1.594900 -2.056611 -2.887959 0.787551 -0.300728
2 0.815361 0 0.140351 -0.426103 0.214158 -1.161780 0.225930 -0.329775 -0.454940 1.575303 -0.965479 0.454645 0.300484 -0.014819 -0.207168 0.778655 -0.305428 1.291612 0.312028 -0.076940 -0.722107 -0.469916 -0.136844 0.233551 0.598685 0.256976 0.298840 0.573649 0.086511 0.199587 0.074744 -1.819704 0.810515 -1.335221 0.890706 0.341213 0.964209 -0.314304 0.968742 0.462506 0.328254 2.199266 -0.135094 1.186799 1.009920 0.753593 0.563674 1.462795 0.487882 1.948539 -0.076997 -0.441391 -1.026959 -0.792657 -0.479880 -0.119616 0.197780 -0.073180 -0.085720 0.202702 -0.292399 -0.142149 -0.280523 -2.032154 0.410897 -1.582675
3 0.746837 0 0.387577 -1.177996 0.670546 0.608733 0.117777 1.456421 -1.071630 0.314314 0.111787 -0.143600 -0.374425 -1.623550 0.609125 0.368800 0.337252 0.003270 -0.868081 0.606646 0.029521 -1.148269 -0.452526 0.322949 0.330017 0.527003 -0.919987 0.010669 0.258364 0.959770 -1.275836 -0.476358 2.037578 -0.535859 1.207248 -0.646136 1.550199 1.460809 0.865524 2.529736 -0.536466 1.141981 0.888793 0.601192 0.283470 -1.224832 1.480625 1.199966 1.150799 0.768480 -1.380495 0.385769 -0.308835 -1.745771 -0.894812 0.033007 0.065429 0.265055 -1.437428 -0.348422 -0.046793 0.806832 -1.890466 -0.906458 2.066324 -1.002393
1 0.665802 0 1.529725 0.320295 0.162053 0.702501 -0.870235 0.901312 -0.082696 1.041845 -2.637829 0.911719 -0.755482 1.272436 -0.023388 0.541059 0.648802 -0.798045 -1.128338 -0.708424 1.198025 0.063684 0.930684 -0.027470 0.139303 -1.844001 0.481928 -1.592237 0.923812 -1.260481 -0.364402 -0.294250 0.646865 -0.028769 2.499847 1.118635 0.930306 1.547673 -0.277304 1.795235 0.625434 1.945757 -2.292022 1.798472 -0.122495 2.195395 0.736679 1.360087 1.499355 -0.183244 -1.654897 -1.161718 1.045821 -0.304831 0.702365 -0.360600 -0.192297 -2.453766 0.202662 -2.167659 0.680603 -1.834067 -0.753113 -0.680674 0.409129 -0.381367
0 0.305498 0 0.288955 3.595259 0.180422 -0.935820 1.931813 -2.221075 -0.129068 0.761290 0.093168 -1.537755 3.449651 0.003654 -2.533017 0.227754 -1.832179 0.333072 1.762458 -1.246203 0.484980 -1.529144 0.992673 0.125835 -0.184198 -3.259937 -2.464052 1.352423 0.915671 0.748773 0.904228 -0.756164 2.023889 -1.547356 1.002649 4.386693 0.951061 -0.204401 2.658708 -1.458252 0.627757 1.549524 0.835035 -0.784402 4.221765 0.712671 -1.795458 0.927063 -1.087084 1.049319 1.431132 -1.652502 0.178012 -1.887145 0.666103 -0.221052 -0.513896 -3.605447 -2.845819 0.982110 0.606407 0.430692 0.560540 -1.100892 1.659722 -1.865591
2 0.819151 0 0.602544 -0.036117 -0.125375 -0.401360 1.465249 -0.033739 -0.280672 0.812581 0.213642 -0.548072 0.945587 -0.663757 0.344229 0.170696 0.502540 0.725537 -1.837100 -1.009281 -0.553270 -0.543119 -0.190015 1.155416 -0.297632 -0.812779 0.551646 -0.523777 0.539452 0.414861 -0.504111 -0.420474 -0.172155 0.508824 1.300393 0.701397 0.624639 0.374001 2.092104 0.704455 0.485360 1.492669 0.974864 0.255922 1.622527 0.121847 1.074352 0.908497 1.205031 1.402268 -2.037984 -1.292389 -0.846217 -0.855266 -0.518821 0.675040 -0.632592 -1.119903 0.160987 -0.850563 0.161484 0.031141 -0.820029 -0.730429 -0.489659 0.106271
0 0.759167 0 -0.611885 -0.144930 -0.129787 -0.292525 -1.341294 0.630048 1.005590 -0.020608 -0.032743 -0.767130 0.823355 -1.215813 1.559245 -0.301011 1.011894 -1.087083 0.421729 1.442166 -0.060323 -1.532466 0.619594 0.049048 -0.198385 0.287131 -0.454150 1.066868 0.227244 -0.612319 0.294784 -0.276191 -0.214254 -0.145799 0.139705 0.622433 0.585434 0.412983 -0.568459 1.394859 1.750447 0.715183 0.722747 -0.008039 1.551394 -0.423051 2.317223 0.465753 1.743430 -0.302483 0.104778 1.086403 -0.384443 -1.877333 0.291711 -0.284662 -0.562981 -0.041137 -0.834235 0.733386 -0.107461 -0.956694 -0.043085 -0.601774 -0.558632 -0.482780
2 0.947613 0 -0.344774 0.467717 -0.554957 -0.052270 0.352927 0.028275 0.074942 1.556979 -0.128694 0.153132 0.022218 -0.051052 0.599670 -0.508168 0.583231 -0.265633 0.581593 0.271749 -0.271452 0.157767 -0.482891 -0.179530 -0.163972 0.107937 -0.237011 -0.214199 -0.512263 0.101670 0.059658 -0.503959 -0.251574 -0.397064 0.413689 1.166897 0.247015 0.689719 1.072090 0.774586 0.804265 2.196198 0.636063 0.882052 0.768789 0.705223 1.302538 0.282278 1.278858 0.504847 0.165568 -0.105044 -0.626275 -0.201096 -0.814664 -0.524820 -0.502012 -0.252260 -0.571026 -0.558507 -0.811968 -0.244568 -0.304451 -0.807058 -0.581889 -0.716240
3 0.231887 0 -3.433874 -0.262472 0.828043 -1.606494 -1.217991 4.331833 -2.641929 -1.906864 0.641747 4.489381 -1.350358 -1.901117 -3.198202 -2.029823 -0.659574 4.544030 1.997519 -1.590395 1.160411 0.815052 -0.252918 0.446372 2.727043 -1.200582 1.470486 0.752156 0.076933 -0.268100 2.905959 0.107672 -2.495888 -1.278054 -3.374029 0.438419 1.720183 -1.128677 -0.723771 5.883398 -2.439981 -1.521111 1.445865 6.175907 -0.830799 -1.539591 -3.114554 -1.674228 -0.039026 6.241424 1.973821 -2.240335 1.070529 0.619164 -0.642428 0.192676 2.959987 -1.779509 1.388497 0.594490 -0.214877 -0.665258 3.177671 -0.182230 -3.313572 -1.851313
3 0.654609 0 -0.492317 1.093507 0.306456 0.275194 -0.634934 -1.212595 0.614730 1.680431 0.267304 0.297149 -0.417292 -0.354808 -1.927816 -0.110613 0.075792 0.230528 0.470630 -0.144355 -0.052310 -0.556964 0.750386 1.087339 -0.167256 -0.468277 -1.138804 0.679727 0.120867 -1.162957 0.765884 -0.591125 -0.210851 0.927350 0.159121 2.071826 1.081959 1.069972 -0.037877 -0.729569 1.490593 2.724497 1.077525 1.143584 0.239353 0.320744 -1.515772 0.623067 0.848145 1.022609 0.212762 -0.541277 -0.400032 -1.010373 0.530892 0.972552 -0.560479 -0.941024 -1.723749 0.494410 -0.214397 -1.756529 0.561453 -1.077983 -0.604093 0.765214
2 0.696967 0 -2.407902 -0.750186 0.646969 1.003244 -0.438440 0.041406 -0.379529 0.460081 -0.690844 0.035324 -0.566150 0.750291 0.049508 0.261010 0.218865 1.142314 0.016450 -0.365865 0.938389 0.994219 -0.011453 0.331365 0.167024 -0.089695 -0.350976 1.603579 -0.355948 -0.418809 -0.071073 -1.176604 0.492140 -1.078702 -1.464606 0.075695 1.340787 1.678648 0.373289 0.824148 0.371278 1.144904 0.099378 0.755115 0.278323 1.442377 0.809198 0.968053 0.952501 1.853178 -0.330619 -0.679437 0.532359 0.558646 -0.381010 -0.041407 -0.180923 -0.452284 -0.685888 1.134799 -0.683177 -0.730131 -0.416016 -1.442004 0.143867 -1.292848
0 0.807174 0 -0.602692 0.381434 -0.054703 -0.477277 0.295437 1.308694 -0.523135 -1.494392 -0.445088 -0.585129 0.398849 -1.024859 -0.291305 0.778422 -0.316231 0.031269 0.219626 -0.133083 -0.086179 0.935712 0.268236 0.333047 -0.317545 0.245416 -0.357658 -0.521221 0.845057 0.502580 0.654122 -0.517425 -0.122476 0.672495 0.131975 1.155804 0.675504 0.261747 1.049070 2.046136 0.200341 -0.758117 0.305302 0.188420 1.148804 -0.252161 0.467486 1.514195 0.462521 0.791062 -0.133170 -0.500439 -0.422010 0.585825 -0.082465 -0.015472 -0.650834 -0.116675 -0.727610 -0.870739 0.489472 0.164315 0.307708 -0.863330 -0.472558 0.313437
3 0.473257 0 0.084956 -0.570154 0.755005 -1.450183 -0.019207 -0.109521 -0.232211 0.497057 0.132003 -1.517274 -0.264429 -0.067806 0.263208 0.098140 -0.298572 -0.054553 -0.505564 0.642780 -0.106820 0.772352 -0.107146 1.609903 -0.608473 1.141669 -0.401334 -0.944171 -0.344325 0.381945 0.260387 -0.043205 -0.337072 1.342616 0.839049 0.045389 1.705974 -0.993685 0.728291 0.588571 0.517497 1.343536 0.894032 -1.064949 0.441822 0.647525 1.057373 0.833583 0.401295 0.698309 -0.904986 0.432178 -0.497314 0.570020 -0.458187 1.557381 -1.063063 0.975395 -0.811933 -1.497335 -0.776058 0.119521 0.001611 -0.412063 -0.756240 1.220629
0 0.613259 0 0.136340 0.785533 -1.112392 0.836994 0.659357 0.069646 1.116896 -1.122525 -0.597164 -0.363288 -0.483242 -0.253825 -0.643922 0.706800 -0.584153 1.252588 1.430854 0.427644 -0.804558 -1.413233 0.653404 0.224002 -0.604278 0.379193 -1.289535 0.292395 0.563584 -1.230766 -0.266554 0.401214 -0.407816 1.240809 0.943009 1.543858 -0.380932 1.592216 1.443886 0.827851 1.881303 -0.393119 0.161518 0.350064 0.255388 0.495509 0.159438 1.502494 0.170066 2.027470 1.116166 0.049026 -1.143382 -1.759923 0.315237 -0.128408 -0.962699 0.062331 -1.645473 -0.066430 0.208966 -1.595039 -0.593760 0.073178 -0.764018 0.918376
1 0.745513 0 0.126769 -0.379339 -0.319009 0.223228 0.154010 0.894631 0.206053 0.120372 -0.742959 0.321065 -0.145862 0.628282 1.180638 1.239033 -0.072543 -0.789296 -0.683376 -0.292200 1.223940 -0.179706 0.313372 0.271113 -0.345874 -0.056267 -1.289488 0.522263 -1.313495 0.115125 0.789274 0.074518 -0.282817 -1.511454 0.907060 0.316348 0.391495 0.999870 0.938846 1.762279 0.983132 0.887801 -0.061787 1.113907 0.598078 1.469104 2.135717 2.206640 0.667805 -0.141350 -1.177867 -0.703692 1.061075 -0.542120 0.030240 -0.047040 -0.738495 -0.425373 -1.834958 0.260731 -1.856976 -0.200188 0.536348 -0.251219 -0.674398 -2.082672
2 0.683078 0 -1.655498 -0.341979 -0.535895 -0.829296 1.812617 1.710257 1.059608 -1.899566 0.453496 -1.607565 -0.764176 0.922230 -0.098132 -1.440931 0.819446 0.593094 -1.807070 1.022023 -1.061591 0.370716 -0.424055 1.942174 0.412388 -0.620541 0.246167 1.215871 -1.026037 0.693765 0.230579 1.240421 -0.456120 -0.176401 -0.761403 0.458799 0.254930 -0.038682 2.411280 2.334057 1.724382 -0.992202 1.145793 -0.707872 0.055575 1.583726 0.673953 -0.582227 1.513820 1.301220 -2.032099 0.572303 -1.356217 -0.018974 -0.739283 1.479546 0.052395 -0.924874 -0.133774 0.756974 -1.304939 0.256805 -0.144934 0.802328 -0.773641 -0.503150
1 0.469827 0 0.783599 -0.304549 -0.104695 0.975222 0.517039 1.020932 0.713363 -0.464689 0.503357 1.192439 1.072888 -0.828359 0.883608 0.476515 0.373154 -0.968127 0.743970 -0.342964 -0.643132 0.058142 -0.072137 0.148113 -0.871389 -0.782560 -1.421613 -0.679397 0.370126 -0.074038 -2.375285 -0.199632 0.158329 0.141771 1.679828 0.412830 0.638410 1.871754 1.324194 1.908746 1.547436 0.282867 1.357429 2.145902 1.955947 -0.204070 1.723007 1.312922 1.178988 -0.393509 0.448377 -0.727954 -1.137645 -0.282539 -0.418774 -0.205194 -1.354775 -1.286445 -2.002232 -1.156701 0.023199 -0.431675 -3.089212 -0.534599 -0.174810 -0.216354
0 0.924871 0 0.142302 -0.048865 -0.395940 -0.073354 0.321147 -0.163645 -1.148129 -0.227131 0.199409 -0.355892 0.037967 -0.285868 -0.568018 -0.178271 0.572817 0.521081 1.316760 -0.309571 -0.009591 1.326722 0.008197 -0.083551 -0.501650 0.790771 -0.053187 0.169253 0.438436 0.331344 -0.130067 0.359943 -1.001922 -1.001496 0.901743 0.703452 0.347703 0.660238 1.077428 0.567333 -0.391017 0.512276 0.947658 0.383431 0.789654 0.467595 0.189825 0.582781 1.339307 1.283480 0.957530 -0.646302 -0.369026 0.977338 -0.363572 -0.435624 -0.842819 0.437738 -0.420765 -0.158666 0.108680 -0.018969 -0.477351 0.015612 -1.358158 -1.345499
2 0.659134 0 1.343915 -0.371275 -1.415086 -1.190464 0.831521 0.394082 0.669084 0.772215 -2.272662 -0.420010 -1.294917 0.334461 0.599643 -0.604574 2.289699 -0.748189 0.742176 0.247725 0.927489 0.857559 -0.118931 -1.145785 -0.196370 -0.701283 -1.149348 0.517190 0.846380 0.308382 0.812800 -0.327212 -0.425329 -0.112887 1.960542 0.398169 -0.532819 -0.306366 1.500646 1.120710 1.355926 1.481154 -1.323943 0.369516 -0.443783 1.056812 1.330943 0.191783 2.889572 0.041058 0.316203 -0.111604 0.507215 0.403572 -0.483674 -1.379756 -0.563391 -0.989928 -1.394182 0.118573 0.397392 -0.048050 0.402536 -0.656997 -0.742526 -0.426679
1 0.612929 0 -0.011101 -0.913674 2.008422 0.177817 2.204715 0.576623 0.681919 1.833038 0.185185 0.023549 -0.234804 0.312204 -1.555059 -1.239147 -0.129612 0.034305 0.151311 0.814839 -0.367857 -0.492130 -0.034488 -0.114759 -1.103162 -0.078164 -0.598597 -1.061078 -0.173156 -1.135789 -0.338293 -1.599292 2.178509 -0.002274 0.749856 -0.283517 3.024867 0.943306 3.312344 1.396978 1.543882 2.877111 0.935270 0.749412 0.511846 1.090296 -1.030653 -0.695305 0.571106 0.756860 -0.141120 0.594215 -0.827175 -0.882798 -0.382779 -0.476271 -1.601946 -0.443801 -1.054566 -1.556063 -0.550019 -1.667301 -0.750930 -2.196206 2.126315 -0.371665
1 0.203569 0 -0.694222 1.288774 -3.386051 -1.232255 -1.286761 2.932229 2.627262 1.819685 -2.075599 0.564576 2.269352 -0.165355 0.617462 0.981728 -0.848022 0.651313 -1.080526 -0.343954 -0.515235 0.108043 -1.086714 -1.277993 -1.709157 -4.365800 0.901150 0.814573 -0.262671 3.642879 -1.649396 4.936526 -0.984890 -1.190950 -0.072444 2.212294 -3.099460 -0.678165 -0.688784 4.090267 3.783909 2.815161 -1.638847 1.435153 3.373075 0.600063 1.389677 1.895235 -0.204283 1.511015 -1.559284 -0.767217 -0.920653 -0.226692 -1.620760 -1.796860 -2.292672 -5.333522 0.748183 0.543059 -0.667130 3.824878 -2.266342 5.352789 -1.476535 -1.696387
1 0.918720 0 -0.127946 0.437436 -0.047020 -0.465839 -0.060773 -0.699591 -0.257089 -0.224355 -0.011642 0.069186 0.786322 -0.236721 0.717522 -0.031567 -0.603980 -0.178643 0.781779 0.761287 1.202799 0.146252 0.090865 -0.618711 -0.561142 0.443401 -0.301844 0.262510 0.342690 -0.405214 0.299144 -0.726183 0.266742 -1.049675 0.611451 1.248813 0.697019 0.201411 0.696620 -0.060769 0.446759 0.494287 0.721183 0.813112 1.627380 0.472246 1.589744 0.703459 0.053325 0.558644 0.557656 0.545276 1.037696 -0.163484 -0.265613 -1.062125 -0.993984 0.144486 -0.719366 -0.070749 0.065545 -0.810787 -0.000311 -1.185869 -0.069570 -1.549897
3 0.685840 0 0.861982 0.123500 -1.126290 -0.806671 0.126716 0.341079 -0.708717 -0.576023 0.140517 0.722633 0.767456 -0.911535 -0.833699 1.280272 0.211331 -1.956494 0.296142 0.887565 -0.849847 -0.218378 -0.001458 0.566329 -0.242967 1.470573 0.446457 0.532751 -0.864598 -0.221958 -0.027425 -0.465946 0.898949 0.137751 1.776926 0.887988 -0.634195 -0.186951 0.912983 1.177641 -0.099551 0.040392 0.925431 1.625697 1.655345 -0.326956 -0.276801 2.313321 1.004099 -1.614225 -0.010553 0.686202 -1.366051 -0.594395 -0.331814 0.334898 -0.618012 1.424439 0.188265 0.288859 -1.392011 -0.630099 -0.385104 -0.908457 0.753413 -0.193987
3 0.677973 0 1.795416 0.192456 -1.223285 -1.244816 0.385764 1.795111 0.978770 0.416832 -0.316418 0.133480 -0.224763 0.012643 1.098435 -1.564401 0.747525 -0.977068 -0.126641 0.097824 -0.450713 -0.859354 -0.764948 1.110249 0.811323 -0.367845 -0.135900 -0.148143 -0.700237 -1.474135 0.558713 1.212628 -0.140774 -0.627728 2.891142 1.008215 -0.735387 -0.724057 1.202256 2.889052 1.887181 1.241918 0.376179 0.947747 0.445799 0.781985 2.078682 -1.119784 1.625884 -0.419379 -0.515862 -0.232915 -0.901959 -1.389122 -1.283613 0.990966 0.645183 -0.802216 -0.526628 -0.541054 -1.198756 -2.152998 0.302200 1.110145 -0.530802 -1.126988
3 0.426550 0 -0.984970 0.868728 1.007202 0.842935 0.627875 2.509135 1.244014 0.844988 1.357291 -0.828564 -0.383182 -0.776293 -1.665346 -0.468268 0.330422 0.350629 1.075532 0.059320 -0.656385 1.437013 -2.186747 -0.237472 -0.971317 -0.831249 -1.231739 0.761782 0.607261 -1.472448 1.065534 -0.055169 -1.176636 -1.063877 -0.446370 1.782020 1.969077 1.766528 1.510737 3.756963 2.279890 1.716314 2.377685 -0.236842 0.274868 -0.190135 -1.231038 0.216222 1.169179 1.205093 0.948737 -0.259030 -1.173063 1.371139 -2.954671 -0.660653 -1.506702 -1.348680 -1.893201 0.534154 0.333541 -2.113004 0.949436 -0.398309 -1.705443 -1.631601
1 0.862174 0 0.148754 1.380180 -0.093087 0.078997 0.806731 -0.361230 -0.625707 -0.429782 0.388797 -0.387827 -1.023996 -0.588196 0.811106 -0.122768 -0.890792 -0.120244 -0.278028 -1.523102 -0.301342 -0.185671 -0.913526 -0.334703 0.632173 1.097827 0.819858 0.185518 0.390874 0.060163 -0.082585 0.545682 0.473551 0.442372 0.923349 2.351761 0.631081 0.836769 1.681131 0.325314 0.020676 0.275298 1.216024 0.320907 -0.466331 0.086675 1.696876 0.604801 -0.279639 0.598494 -0.670767 -2.126025 -0.694591 -0.581845 -1.423208 -0.723351 0.367440 0.943934 0.610515 -0.124455 0.106673 -0.305688 -0.448041 0.274517 0.191464 0.135064
1 0.607618 0 0.867955 -0.901104 -1.451952 0.507748 0.455843 0.143471 0.324789 1.123837 0.818865 -0.407134 0.710608 -0.524821 0.890336 0.487791 -0.617819 -0.673885 -1.461968 0.086980 -0.354409 -0.809409 0.394094 0.215755 -0.587810 1.089903 -0.536827 0.079973 -0.365912 0.472566 0.660964 -0.943142 0.195358 0.109355 1.738180 -0.271197 -0.909537 1.329359 1.300883 0.877626 1.097781 2.039544 1.666107 0.285370 1.595011 0.158283 1.742398 1.290431 0.019151 -0.033109 -2.017147 -0.253357 -0.760912 -1.260848 0.117676 -0.098933 -1.042316 0.889987 -0.970311 -0.252781 -0.809802 0.159933 0.409775 -1.425753 -0.167288 -0.245602
2 0.912283 0 -0.648084 0.631119 -0.688812 -0.797825 -0.209906 0.248998 -0.606736 -0.242487 -0.905055 -0.839198 1.005884 1.292586 0.370884 0.409189 0.802135 -0.097844 0.805381 -0.707402 0.168758 -0.139667 -0.537703 -0.395732 -0.372615 -1.124200 1.241502 -0.039293 0.235662 0.561703 1.160941 0.694573 -0.759898 -0.516856 0.148332 1.331497 0.105592 0.038196 0.550666 0.980026 0.229564 0.529089 -0.087304 -0.012558 1.674736 1.946880 1.078414 1.108651 1.499979 0.665617 0.384609 -1.021645 -0.196019 -0.488820 -0.831670 -0.727544 -0.670864 -1.389624 0.777682 -0.406737 -0.109834 0.165648 0.718179 0.276306 -1.022751 -0.839422
0 0.345893 0 1.151450 -1.161043 -0.482356 1.201524 0.003939 -0.432642 -1.586998 -0.775256 -3.143241 -0.391740 -1.052086 1.498887 -0.709555 -2.276684 -0.768641 1.107343 3.132372 -0.554442 2.287212 0.644044 0.463713 2.057937 0.956110 0.824444 1.678124 0.837609 1.454169 -1.733071 -2.085358 -1.479471 -0.961269 0.294975 1.917130 -0.450531 0.239543 1.944815 0.756880 0.356572 -0.873236 -0.007255 -2.423863 0.364344 -0.253592 2.230724 -0.018106 -1.537432 0.010908 1.858889 2.746508 -0.901148 2.023447 0.292158 0.120524 1.685873 0.594151 0.478414 1.360228 0.508642 1.124512 -2.067511 -2.416692 -1.833944 -1.310464 -0.075421
3 0.659146 0 0.858122 1.040247 0.715887 0.600763 -0.371190 -0.633140 0.735643 -1.396567 -1.641760 0.226228 -1.055917 -0.324729 0.734650 -0.206043 -0.615406 0.366954 -0.643597 -2.133523 0.436766 -0.667072 0.184274 -0.014421 0.474712 -0.515547 0.075605 -1.047414 0.855970 1.534281 -0.044130 1.696664 0.118645 0.655044 1.763247 2.002651 1.617600 1.477841 0.314519 0.009506 1.645428 -0.915560 -1.274371 1.051487 -0.524972 0.355792 1.613420 0.482454 -0.009289 1.191352 -1.136544 -2.884048 0.180452 -1.163948 -0.135124 -0.368393 0.214008 -0.980499 -0.254043 -1.615844 0.653741 1.493243 -0.448391 1.679749 -0.197098 0.422049
3 0.667642 0 -1.685787 0.926052 0.221744 -0.938229 -0.955588 -0.637473 1.346755 1.367322 0.532980 0.005669 0.523167 0.263054 1.288098 0.329056 -2.296059 0.133680 0.913173 -0.976860 -0.743673 1.134302 -1.372433 -0.583947 0.482736 -1.021510 0.258776 1.229946 0.344607 1.352346 -0.194283 -0.487479 0.416686 -1.176827 -1.234418 1.854773 1.001689 -0.374432 -0.409157 -0.017572 2.363553 2.411810 1.401954 0.717347 1.342792 1.038691 2.292177 1.127288 -1.976061 0.914180 0.724455 -1.547423 -1.242308 1.025411 -2.004204 -1.058380 0.245801 -1.581558 -0.017314 1.139412 0.046364 1.285595 -0.574564 -0.936358 0.169597 -1.759258
3 0.886171 0 -0.109731 0.439613 0.452217 -0.309376 -1.098082 -0.914338 -0.026494 1.231085 -0.162888 -0.196568 0.119278 -1.508194 -0.127777 -0.637709 -0.032409 -1.124079 0.345143 0.447224 1.280225 -0.250861 0.011034 0.160025 0.298514 0.022673 -0.246696 0.327561 -0.006761 1.069842 0.204954 0.747434 0.074716 -0.479576 0.642117 1.276091 1.284829 0.365718 -0.545069 -0.342217 0.743605 2.199271 0.564316 0.535471 0.903665 -1.075894 0.604543 -0.020320 0.709718 -0.608194 0.062925 0.180519 1.187808 -0.639081 -0.363573 -0.153481 -0.001529 -0.317811 -0.643432 0.043751 -0.362677 0.934237 -0.097269 0.541975 -0.259981 -0.908290
0 0.220363 0 -2.300541 -0.016392 1.958824 0.245381 1.178585 -1.000682 -2.634701 1.703169 -1.296847 4.716006 -0.703048 -0.097383 2.382541 4.520496 -0.760140 1.896281 -3.190920 0.243075 1.875936 -3.872744 1.819557 0.779329 2.452955 -0.401923 -0.055197 -4.624440 -0.468066 -1.609839 -0.461389 -3.021488 1.760116 -1.016511 -1.564876 0.799585 2.743908 0.992577 1.917330 -0.204831 -1.834947 2.458889 -0.501203 5.503990 0.090398 0.648475 3.178527 5.220822 -0.006138 2.587344 -3.558388 -0.123748 1.572849 -4.214529 1.435683 0.441323 2.198485 -0.734731 -0.407124 -4.971825 -0.804497 -2.032971 -0.797949 -3.374418 1.388997 -1.341501
0 0.947871 0 0.934899 0.154867 -0.074274 0.523350 -0.534724 -0.678810 -0.140498 -0.354984 0.009119 0.020725 1.015577 0.127831 0.072604 -0.806428 0.796413 -0.262642 -0.231229 -0.519137 1.047461 -0.576379 -0.899273 -0.456669 -0.045711 0.489775 -0.555804 0.353794 0.053597 0.339897 -0.905255 0.889983 0.022423 0.189499 1.683653 0.898318 0.669805 1.299980 0.224605 0.049548 0.623350 0.385438 0.767657 0.778592 1.728083 0.895075 0.842481 -0.071443 1.550346 0.479706 -0.576221 -0.871037 0.685640 -0.946376 -1.240188 -0.789452 -0.391182 0.127095 -0.907461 0.000498 -0.334027 0.008086 -1.238864 0.534584 -0.337375 -0.163338
1 0.790647 0 -0.324746 -1.172863 -0.751323 0.363166 1.341770 1.278746 1.059901 0.170167 0.279993 0.427060 0.686503 -0.456089 -0.260778 -0.993497 0.158546 -0.045235 -0.972886 0.971162 -0.794603 -1.490065 1.134794 -1.370118 -0.470074 -0.040703 0.848921 0.258480 0.021929 -0.347032 -0.359466 0.529356 0.089958 0.229028 0.401254 -0.596810 -0.088323 1.157004 2.280557 2.240536 1.999303 0.928962 1.060634 1.228687 1.566116 0.217399 0.448228 -0.395016 0.941358 0.692709 -1.485198 0.753346 -1.222071 -2.074822 0.948777 -1.916930 -0.877537 -0.384226 0.628970 -0.068770 -0.326000 -0.755149 -0.755140 0.257019 -0.229240 -0.137143
0 0.795801 0 -0.490441 -1.905619 -0.623904 0.105470 -0.166147 0.587232 0.303970 -0.166158 -0.956899 0.260565 1.422504 0.924155 -1.071465 0.071939 0.552250 0.245805 0.536985 -0.915292 -0.854071 -0.317497 -0.889712 -0.023619 0.521218 -0.043762 1.855409 -0.645195 0.235563 1.074582 -0.076420 0.268215 0.859713 -0.679373 0.289111 -1.151757 0.100069 0.870454 0.595269 1.355651 1.040017 0.632129 -0.215882 1.010529 2.148314 1.693063 -0.340460 0.817422 1.307643 0.988644 0.168558 -1.256401 -1.199680 -0.663491 -1.233848 -0.406740 0.146450 -0.388221 1.523524 -0.990580 -0.137606 0.742921 -0.413822 -0.075215 0.495860 -1.028769
1 0.400510 0 -1.720232 1.003264 0.024509 -1.274216 -0.533332 1.735976 -0.934174 0.679095 -0.344035 -0.246174 0.145842 1.008216 0.306540 0.102479 -0.657145 -0.067708 -0.847158 -0.930180 0.052831 -0.248941 0.301935 -0.769608 0.238843 1.132228 1.022510 2.095120 -0.308911 -0.136795 1.421767 0.914267 -1.899369 -1.267442 -1.244879 1.917127 0.758345 -0.778681 0.141126 2.795161 -0.364148 1.515449 0.366981 0.521840 0.952879 1.901943 1.106368 0.871898 -0.000689 0.678179 -1.345816 -1.390322 -0.259162 -0.612978 -0.020861 -1.248310 -0.056152 0.915693 0.840705 2.119748 -0.652170 -0.491317 1.282983 0.703486 -2.554331 -1.830192
3 0.872117 0 0.603734 -0.113086 -0.079833 -0.011376 0.065203 -0.648992 0.194768 0.433187 -0.574522 -0.271516 1.178370 -0.612773 -0.690867 0.384791 1.122839 -0.219742 -1.802575 -0.167822 1.836037 -0.189731 -0.122056 1.511747 -0.308181 -0.550139 -0.108442 -0.443905 -0.314869 -0.062985 -0.216361 0.793078 0.234578 -0.848559 1.472777 0.626865 0.645880 0.740539 0.816932 -0.014409 0.951832 1.279191 0.035677 0.442193 2.167338 0.029636 -0.069827 1.219875 2.094112 0.491444 -2.494790 -0.560683 1.855275 -0.575051 -0.498934 1.445091 -0.712545 -1.012255 -0.499559 -0.882751 -0.728931 -0.449823 -0.618759 0.602647 -0.077855 -1.394330
3 0.942035 0 -0.897718 -0.111311 0.505609 0.751494 0.359168 1.125167 0.280605 -0.050045 0.047798 -0.477758 0.278701 0.348101 0.118609 -0.845875 -0.191375 -0.414264 -1.082812 0.029580 -0.740783 0.512762 -0.354073 0.778880 0.859320 -0.853354 -0.548943 0.706033 -0.790993 -0.192060 0.799515 0.153212 0.137053 -0.240246 -0.317357 0.599663 1.338950 1.654580 1.172785 2.103040 1.070552 0.695305 0.825947 0.182010 1.078418 1.172343 0.885614 -0.269756 0.514988 0.272153 -1.647062 -0.310600 -1.227090 0.262771 -0.776616 0.577378 0.700141 -1.365217 -1.009528 0.502855 -1.298065 -0.582965 0.614242 -0.170321 -0.180239 -0.626773
2 0.748592 0 0.435229 -0.596013 -1.454125 -0.776188 -0.021113 -0.522062 0.526419 0.119768 0.567758 -0.055566 -0.601428 0.429585 0.482789 1.268483 1.233043 -1.120634 0.979579 -0.542325 0.728610 1.754604 0.180108 0.284067 1.934387 -0.672802 0.480330 -0.887858 -1.225960 -0.509027 -0.900084 -0.870952 -0.185336 -0.463282 1.153190 0.184492 -0.572889 0.033424 0.742593 0.274442 1.230693 0.877159 1.289950 0.695453 0.200314 1.134873 1.201297 1.912308 1.875402 -0.293102 0.571852 -0.859356 0.338283 1.259042 -0.196895 -0.098430 1.419518 -0.967974 0.076568 -1.163653 -1.469193 -0.822351 -1.195664 -1.140454 -0.518596 -0.767846
0 0.394908 0 0.236984 -0.934323 -0.412381 2.640986 0.027206 0.637690 -1.768493 0.819130 0.250340 1.360833 -2.379718 1.693856 -2.839323 2.405150 0.833753 0.939297 -0.947926 -3.708999 -1.194741 -0.207900 -0.058788 -0.167278 0.084435 -1.530395 -0.764534 0.986150 0.403836 1.412576 0.328129 2.155062 -0.185373 -0.115240 0.958554 -0.184084 0.335914 3.383074 0.776430 1.396070 -1.048147 1.591635 1.023660 2.154157 -1.656512 2.437826 -2.076238 3.169876 1.530326 1.697649 -1.348649 -4.058123 -1.543094 -0.586650 -0.386699 -0.580922 -0.256380 -1.879318 -1.134285 0.614419 0.014463 1.054580 0.012626 1.847704 -0.549850 -0.482191
0 0.776035 0 1.463903 -0.904757 -0.470425 -0.361046 0.813837 0.213867 -1.058865 -0.105794 -0.485143 -0.250311 -1.098325 -0.427695 0.603113 -0.365891 0.792479 -0.591713 0.331676 1.221426 -0.235781 0.960135 -0.090381 0.156255 -1.188228 -0.402699 1.365963 0.066285 1.048077 -0.189173 -0.582029 0.434800 -0.869420 0.205859 2.182592 -0.150411 0.268061 0.384502 1.563132 0.968072 -0.317817 0.640754 0.268153 0.499621 -0.360234 0.309679 1.367529 0.401131 1.572235 0.142795 -0.021702 0.840992 -0.576035 0.604780 -0.430920 -0.209833 -1.565039 -0.729929 1.008647 -0.276999 0.703166 -0.552911 -0.938743 0.074375 -1.214373 -0.107256
1 0.894837 0 0.158706 0.121667 -1.190459 -1.784020 -0.030336 0.208379 -0.088698 0.189671 0.316359 -0.451988 0.737614 -0.072989 0.743046 0.001563 -0.391207 0.741193 -0.873218 0.414327 0.484923 0.386166 1.816344 0.673525 -0.052640 1.284171 0.561742 -0.982292 -1.508064 -0.545756 0.394076 -0.463062 -0.545560 -0.253184 0.913770 0.897399 -0.593191 -1.297974 0.701415 0.972801 0.628633 0.985537 1.109529 0.213697 1.584008 0.660114 1.615548 0.747907 0.296625 1.587238 -1.358578 0.126495 0.188852 0.090079 1.745434 0.443273 -0.415946 1.112292 0.291377 -1.495627 -2.081423 -0.981497 0.107819 -0.875788 -0.955303 -0.636695
3 0.615529 0 -0.629492 0.085192 0.314406 0.419777 1.144520 -1.156733 -1.046849 -0.627208 -0.692963 0.639319 0.983592 -1.389322 0.689802 -1.727893 -0.870492 -1.035760 0.814225 0.931978 0.862957 0.527194 -0.762100 -0.020523 2.258190 -0.103064 1.192795 -0.651392 0.133283 -0.418267 -0.734447 0.244874 1.199161 -0.574761 -0.007576 0.846690 1.131748 1.254181 2.136894 -0.616541 -0.518717 -0.007009 -0.112763 1.510837 1.906633 -0.913196 1.568809 -1.284455 -0.268056 -0.501305 0.632924 0.751878 0.719941 0.283279 -1.235681 -0.356230 2.354490 -0.436044 1.082828 -1.118788 -0.179884 -0.806954 -1.252652 -0.062952 1.080782 -1.031929
